0.5917981812843937  0.9346748133096143  0.6124299577108637
0.07465825454776254  0.7650865568912275  0.13734314840533576
0.08014936951380647  0.009128596222686358  0.977224050086345
0.3650877207959715  0.5947923662022604  0.5491831588660003
0.0661357355887302  0.86404925186967  0.09567506610761936
0.8168996221908328  0.4903681238384272  0.9055873094498124
0.26667304167458794  0.556759047144465  0.47908070365168987
0.5506780441036919  0.7023992281533871  0.6576681157872404
0.4661739101785719  0.8361336723323884  0.5282771085267538
0.9993135000408475  0.7361464684391129  0.9994945896965319
0.6463377752242757  0.42495467494416916  0.8307185243972939
0.8817854217096022  0.2177621684731217  0.9729759595478895
0.9349800394992489  0.11681902621617779  0.9921770055636465
0.7609059769638845  0.39794913916738905  0.8969655676069366
0.40537805166520513  0.2519725731381578  0.7965105515789881
0.5717975055650945  0.8325373413110987  0.6279066948329911
0.9745642883365473  0.7722120466888172  0.9803007344821986
0.6883608969241677  0.12387781391604946  0.9547925559948423
0.6409137836847943  0.9481610978915138  0.6558656829280644
0.5528812461945377  0.8830811263781705  0.5925473388465364
0.5770422075689416  0.7503125257005733  0.6619589474215101
0.5520640633018051  0.1725568070182184  0.9025650827091072
0.5528663528039555  0.8164027709405764  0.6164166845557592
0.11967271729111806  0.5182708075977344  0.33277585116996844
0.345719981648577  0.8107372687269326  0.4226946449118657
0.18565252439080016  0.3144786704690946  0.5888735100165191
0.13032907736199262  0.32542826919039436  0.5152398305307357
0.2939000329129  0.7688918206173054  0.39003452266792454
0.9025194157341171  0.1291807103720226  0.9868379579772887
0.4610237945068435  0.9073923382450106  0.4952963596678192
0.23867245826648398  0.7069306189070677  0.36320297676108176
0.14751850283018686  0.04425676997096406  0.9187890920433077
0.7306988239612418  0.47459244760872854  0.8616507645635887
0.32734143224735346  0.26173140482166446  0.7465527932197653
0.2568289850384242  0.5093223181839841  0.500401417891823
0.3541640322876619  0.08269807017642872  0.9177408817940427
0.4856156512958103  0.9595902153532911  0.49999944347230496
0.18042476572181987  0.678681297500281  0.31279665933915457
0.18861607763778598  0.7341428929147408  0.29388083012040367
0.05220712884601264  0.6648026463661351  0.14045699869061612
0.7213145800905151  0.498416161029977  0.8497419578167308
0.4080125882760727  0.09133562316294475  0.9213839169020068
0.4776197099264803  0.2055374133253256  0.859091444124687
0.6974167890402387  0.46173363918982624  0.8467109482437468
0.9270152707880102  0.2717835531881869  0.9796134911839041
0.8167413804163647  0.06849408201501206  0.9862302350027333
0.5920759001527893  0.37889196233136846  0.8198900582691768
0.9592194814171666  0.2357106446984003  0.990234100334723
0.7451117424906962  0.694249673142473  0.8152480224924573
0.7882812778501105  0.05100516618703743  0.9879391774643167
0.8143504018553396  0.8816245742737656  0.8343899482416335
0.8717658042786379  0.23569665292278852  0.9681718234606714
0.25108542211650653  0.607290063230345  0.43203363575232473
0.4349234294746174  0.08215875414450369  0.9338829498681975
0.569031759032902  0.6972954898947972  0.6749285352918172
0.38949322572948664  0.03856617126959083  0.9642888594681451
0.21577229568623113  0.680038288925921  0.3524451700500385
0.7290149090010977  0.9664857190165242  0.7367780868168827
0.054316630692781365  0.053613828067283875  0.8554111480447073
0.21660029261978553  0.27450601414370346  0.6571044537283275
0.34171385553389155  0.28969416802914827  0.7326638631835365
0.565988264210679  0.7454222106814836  0.6542401083734815
0.9032806258064865  0.7555823542461185  0.9260200884989677
0.28082425905700115  0.6451262394471925  0.4407280598987937
0.5678609674440236  0.4748929672436466  0.7643482273289048
0.9873346268982788  0.613648909115842  0.9922087799538433
0.09479106192975861  0.9169355605900271  0.11528203438486187
0.5041403088514543  0.3937359509673698  0.7636314417330521
0.6706881003985808  0.9078668000392933  0.6958310641420996
0.3377209020785047  0.9165163611166447  0.3697563484660317
0.3582337200693412  0.7861910430793314  0.4461590086641767
0.586477591838412  0.9194643766382709  0.6122311737121492
0.5548151168600957  0.21501833344276922  0.8810228874329932
0.9595529517086695  0.6668193799727661  0.9728440465156126
0.8718880033482649  0.6380473802156542  0.9162439224606869
0.363273432957543  0.540385188604439  0.5785711466126878
0.822522539733968  0.39056670017082595  0.9265301567082965
0.1386383330623996  0.09828517118819602  0.8234928940644605
0.14170013141908766  0.5065266493862283  0.3716605093082521
0.9236638847884291  0.5055278756553846  0.9606525657138325
0.4390853536551078  0.4942135788114712  0.6657985388534882
0.406203791643435  0.1334910042260392  0.8866880185014734
0.5653677801625852  0.8731729483428329  0.6077740832065832
0.08333531036387243  0.23163664513073579  0.562373002092309
0.5696393818873202  0.3013174142532524  0.844030277059979
0.9753741643491288  0.2855291470430472  0.9929058640710362
0.3360633673016138  0.29178300933187995  0.7274744505543244
0.9945380972259645  0.3977642386746194  0.9978238667995691
0.9533334933380139  0.08285220148948125  0.9960482808695131
0.044320873796593996  0.4355884930494436  0.2573227327910416
0.020787391487628093  0.33055875842736526  0.2779291216947298
0.6454903926904397  0.9692642703712349  0.6542337720211183
0.5018099048423376  0.2324664579625546  0.851893717274759
0.9336399830265147  0.13272313870295493  0.9909280497250453
0.36025766146552696  0.14323570445752043  0.8639551206147663
0.7523761988869992  0.44247239911246183  0.8817103106053077
0.16159371156435998  0.029247202804278616  0.9480879559273409
0.5421210116364712  0.5474307815371908  0.7152141480491303
0.5804035619866216  0.4426552213697379  0.7859843186592895
0.07936878098652744  0.6023430695734763  0.21737601794882017
