-2.1006330293418807  -0.8598241821625356  29.97041104158525
-0.23600415275734965  1.162387327627663  -0.47056796526345723
1.4351499957017124  1.7597562154219237  1.0748809774224863
0.1554198071849664  0.16227401148685427  -0.1522783193988384
0.044263699806560974  -2.1234218953031796  4.377799282022876
2.810792987814561  -2.5101371086761577  45.872504818057365
2.878144498441639  1.4998926927613203  44.403162119942664
1.1975377670133087  1.4883122320303204  -0.04152719115402359
0.9072755154196641  2.389249849391008  0.3957588121625122
2.0965824268195723  0.8796142157169586  9.613195450461546
2.715617258250703  1.1483527507217721  33.86886274759174
2.500277109745688  1.5144597636261217  23.08196027945483
-1.0165931572925064  2.8258132233003375  3.2854499790733325
0.1371209506056632  0.4317981014427037  -0.3407979495817871
-0.5515366918145755  -0.3242125023411929  0.6370760358466582
1.5391531213279732  2.9242439271375122  3.3172400688987107
-0.7214279756567643  0.9948862119125659  0.14636313763834585
-2.1059080002503516  -1.6572246688380812  32.03768568490951
2.09059942116851  1.0102977339053738  9.465063054709521
-0.24771809025609814  2.8431311216826893  1.2175327726855532
