1.7457019108154455  -2.015929888116032  -2.5440545018554737
-2.0547723361297594  2.613523655167391  4.587467683188368
1.5798578247403063  0.8547383202497039  3.938333963886545
1.369833995963524  2.502451530929098  -4.718735019372874
2.5461753863505296  -1.3347708876149282  0.7869013623494183
0.43081069885659284  0.12863224978778376  2.484944419819005
2.497737648931512  -1.7733585527155347  -0.7245890793028126
-2.00334672558211  0.7061714239495742  -4.144662888121416
0.4121354598390903  -1.397694734177604  0.4139580346264573
-1.530643573621992  0.08436454373699076  -5.9738416514711865
2.529980051793129  0.6535155499877604  2.735266213773841
1.818445070704752  0.09273946717414827  5.791951991041642
-2.4659074518595014  -2.5979196140805545  3.2115230625138347
0.6918809411351761  -0.024940652498743887  3.826729851543022
-2.8560821289902076  -2.4597509318445985  1.3120485355101708
-2.2042131942478704  1.0847510739806214  -2.2590816581236135
-1.8557309052331337  0.9547487082490506  -3.327098656953212
1.456755417896238  -2.192222864969511  -3.470483257316657
2.9454512684559635  1.445410981819148  0.14623134545271826
-1.0847629687719231  -2.3573608311702974  3.7556847515054597
