-2.5321931263572433  -0.9533941938023149  0.8582804602632595
-2.5668783694388164  -1.6498423566352567  0.7072858348740783
2.246907990403052  0.5311236989288228  1.091302768327762
-2.087816126300235  0.513438295261081  1.2079856804142055
-1.2775813828761047  1.908472277224151  1.0997348697198828
0.8446109120488138  -2.85337622093545  0.7369791818718142
-2.6803660156543514  -0.7863418822476194  0.8161020581060517
2.091204687976932  -0.43516497906186025  1.219046577676526
-2.7901737528126667  -1.6003976765258554  0.6479651875473651
0.2390017012093434  0.8043690145108455  2.9584361998131232
-1.8910717403421238  -2.5139325336034486  0.6724944412535029
1.0344521012280432  2.5462187375447716  0.8374051277383053
-2.564676257933919  1.1950986197330336  0.7995342697769166
0.258009462901035  1.7897107521437954  1.5181321550748939
2.405797878390129  1.3175436638742504  0.8400021861245298
1.3026807709838666  -1.990030056217329  1.044768757093444
0.2587279573759721  -2.4424778168932635  0.99593682153071
-2.9182408280110614  0.13234101196094772  0.7594712948151815
-2.8548174290424644  2.0077624780605086  0.564131421825259
2.5566531705696764  1.553003226645881  0.7307074203881244
