2
20
0.2584901899534847  -0.05344355675142409  -0.20166863929080434
-1.306513749738178  2.654057580530205  7.55403759368137
-2.362502701690013  2.2259409326192108  3.013898843005864
2.5142718019459473  0.03574973001217463  0.6288266780734424
0.513089479558739  0.5319367336380028  -0.942753414038856
0.9380644490991981  0.785590282377604  -1.316147628626874
-1.1460114891253554  -1.5249320990531117  0.5968703027393709
0.06020521230311782  2.20100082580831  3.070106907987065
-0.2943969064019958  1.081301938937886  -0.15987146189652834
-0.2668039709876483  2.561298973406502  6.103090452279659
-2.8270516073472756  -2.5140382960468237  -7.122643658390086
-0.018091003045006993  -1.8328979957671223  -1.2278363981260967
1.949999804726247  0.8381907302752478  -1.0107747900007382
2.1828112825343013  -2.42943945336419  -4.842788571199925
1.8611301647321588  0.4633574088398702  -0.9854275588005881
2.554026164037491  -2.3431183385158367  -3.3109982402719593
-0.26254567240482685  -2.646391685428191  -6.361537256016073
0.8030367171170093  -2.031740869868706  -2.8612089727451013
-2.372438454023923  2.001734194026487  1.710481459412318
-1.823511490240638  -0.1585587238514714  0.767371112247557
