1
200
-0.972704936755353  -0.5432559761585818
-0.5376901926959301  -0.7551293464422343
-0.43019199106897976  -0.832755424176032
0.3012359260452354  -0.9134619085763083
0.9519154199230133  -0.54336663441191
0.9100287546359948  -0.5478805615763542
0.4206412650654995  -0.8393266390653819
-0.8403025058929793  -0.5670445577974678
-0.23155600861375558  -0.9478378603807904
-0.8347673625320715  -0.5691308998374008
0.5457332855742475  -0.7491818015195935
-0.5767142360497737  -0.7263076705044804
0.26067489236276564  -0.9343947678831418
0.8363283537802425  -0.5685347061549211
-0.6370412264130181  -0.6826575315119607
-0.3301779516811101  -0.897075292449267
-0.2561784168061316  -0.9365599056397695
-0.6229067834503089  -0.6927096066272598
-0.6690430184492746  -0.6604892942193161
-0.572021938507576  -0.7297630336043984
-0.1135012805580744  -0.9872007042295902
-0.4600295108353253  -0.8117860046622104
-0.23174829707206346  -0.9477536447070698
-0.41384679806831504  -0.8439547576597398
0.09888246586796301  -0.9902701761638195
0.5233595976825869  -0.7657136956482635
-0.6917459430273296  -0.645384940825491
-0.2362646164585439  -0.9457579671576678
-0.37637784490505477  -0.868695835125252
-0.8251366864234433  -0.5729426967505713
-0.09333790627869598  -0.9913260665972307
-0.648308231486177  -0.6747505677906165
-0.7713738791351221  -0.5981307517965165
0.41508953446235863  -0.8431112571432271
0.5281837429004304  -0.7621534599153359
-0.027663562407506226  -0.9992350201920611
0.42724833465645273  -0.8347886816152466
0.819352537805959  -0.5753404018150718
-0.7848877282427598  -0.5912147431200767
0.10769792163782  -0.9884686178167115
0.17295843363979213  -0.9705361030832252
0.09986246840008517  -0.990077336070216
0.5792181152549779  -0.7244659661330648
0.9493270717757227  -0.5434814307168596
0.48671804797647933  -0.792568381473156
-0.4919080825548985  -0.7887917047144155
0.5611561445135751  -0.7377803973381418
-0.16408514815632202  -0.9734409098762399
0.9145595253573716  -0.5471249346462688
-0.3089497690659707  -0.9092072795251607
-0.5967300669251664  -0.711638324827305
-0.43933089048201146  -0.8264000070225883
0.6824581393407939  -0.6514933183998299
-0.6915220349199417  -0.645530978018794
0.530597307303745  -0.760371020380808
0.2573443888408583  -0.9360015458696682
0.02682971695652525  -0.9992804254149209
0.820976809184788  -0.5746590112203167
0.7495959025529453  -0.6100167925491403
0.19713903597806137  -0.9618985483592384
0.4605951223661108  -0.8113827629002621
0.4190211013909102  -0.8404338453570316
-0.3879936426503682  -0.8611762306022521
0.3611330674949391  -0.8783407533411605
-0.7906382329006629  -0.5883853066092082
0.7104475406369388  -0.6334154116400632
-0.9419217588754328  -0.5439314982278755
-0.2783961700843016  -0.9255542762168425
-0.20736625328049696  -0.9579334283591
-0.5391518782916431  -0.7540486742940925
0.39348750028558854  -0.8575709352398164
-0.1020063435525339  -0.9896489808100399
-0.17821480585249738  -0.9687477694976866
-0.9964767068362761  -0.5449353729126721
-0.684317604112811  -0.6502622222236374
-0.040122735500308315  -0.9983914623995199
0.19432233333690552  -0.962958347494485
-0.7461160559488842  -0.6119956385256426
-0.523792930656803  -0.7653940433478218
-0.7387005595600612  -0.6162817342497924
-0.6432317125700933  -0.6783006211965212
0.21126078694335004  -0.9563756357780467
-0.06899193807941162  -0.9952514541828973
0.7683443249087607  -0.5997308932569863
0.2103592635815218  -0.9567385734679499
0.9273599820540023  -0.5453350837690529
0.9713686924714311  -0.543219237596426
0.45861619144713184  -0.8127927535573889
-0.24810494713843867  -0.9403664878349128
-0.6578189797142844  -0.6681592211067235
-0.6494487303892148  -0.6739559663822046
-0.07018620397428788  -0.9950860449123358
-0.4938592122766333  -0.7873691155960548
-0.32014984917691414  -0.9028823216232023
-0.4173342684186906  -0.8415842255729149
-0.6985318804011219  -0.6409888130750581
-0.3667959748441836  -0.874788644304364
0.3765354640049746  -0.8685947628840874
-0.27556755670698474  -0.9269977810085908
0.36246455401376465  -0.8775088899434262
-0.8282231083692116  -0.57169630293888
0.10546380491919094  -0.9889394128711974
-0.7539095379578675  -0.6075933720399029
0.4465806073452999  -0.8213144722550543
-0.451395126296284  -0.8179169778869954
-0.09003411707094522  -0.9919267787617347
-0.18484825434942875  -0.9664197537619988
-0.038805512101588335  -0.998495266475827
-0.9140754330636257  -0.5472026513608357
0.33373221241281437  -0.8949853256978784
0.18215971346216975  -0.9673728342342597
-0.7325194323733942  -0.6199241996289279
0.6007680974519365  -0.7086964779850524
0.6459171288482338  -0.6764200396289988
0.900601437167215  -0.5496536464492194
0.14732320930804788  -0.9785326664131416
0.38142255350309695  -0.8654476476506937
-0.3269572180905327  -0.8989548822164555
0.8608267623023589  -0.5599998860443334
-0.7633237632827751  -0.6024214214373362
0.9195465182929967  -0.5463666373836074
0.7268984027829964  -0.6232897985057162
-0.7378660792535235  -0.6167698323260173
-0.6608883393197328  -0.6660496142079495
0.05504605490605463  -0.9969745259664015
-0.9517431301057642  -0.5433735879425732
-0.5320284070691905  -0.7593138145725278
-0.41113771712016833  -0.8457887767973501
0.905744182472135  -0.5486529868514961
-0.8478635911771337  -0.5643208777448725
-0.967835321145455  -0.5431513262351362
0.6720180185558389  -0.6584775603709984
-0.3364120543916811  -0.8933987328243443
0.40776850355767824  -0.8480604619022115
0.7996061127833685  -0.5841135409200979
0.010611725146593476  -0.9998873976299525
-0.3552799528279873  -0.8819729361529364
0.9093872458356992  -0.5479926463113377
0.941571879427322  -0.5439571971935981
0.09441876060195975  -0.9911249234352317
-0.8153779453902249  -0.5770340725035079
-0.426231532756949  -0.8354893934865502
-0.9859031905449489  -0.5439472216950745
0.6726583714407337  -0.6580457597061697
0.5216885998124285  -0.7669460202852814
0.8272390437421001  -0.5720911809165952
0.7237942953585347  -0.6251694930128759
0.703213378229287  -0.6379905687704244
-0.4749777421368855  -0.8010674265377882
-0.022799698841875382  -0.9994803088599463
0.7427544488226422  -0.6139270870667795
0.5716582488467815  -0.7300310497890579
0.5193009230053516  -0.7687059910874424
-0.007409829317171268  -0.9999450959368219
0.03751506815898087  -0.998593610368868
0.5958832260388743  -0.712256135453877
0.10256731668265628  -0.9895354258513386
0.19959519102397594  -0.9609629992194374
0.8424683802739146  -0.566249333438285
-0.9131464723086828  -0.5473538148688826
0.20817445001298318  -0.9576123132630692
0.6861891275143284  -0.6490272135813281
0.5703123630600265  -0.7310231109872103
0.4059570961877885  -0.8492774973843931
0.7706107351738314  -0.5985321485720744
0.24074713172914042  -0.9437438639721434
-0.8245833078457592  -0.5731686124666053
-0.5390116705497222  -0.7541523396342308
0.049055593538543496  -0.9975964459856324
-0.404824951263268  -0.8500366074747671
0.9430160044779096  -0.5438536984950951
0.8514778598618379  -0.5630713593811834
-0.5003888591736936  -0.7825980502518104
0.496041952550091  -0.7857759442338519
-0.4241788431254866  -0.8369013999343344
0.37723819299692163  -0.8681438140774191
-0.6666552538252734  -0.6621105340504418
0.1382975649650009  -0.9810575532092815
0.8915894220659131  -0.5515979656958492
-0.45027826380924685  -0.81870651151676
0.4719117093507321  -0.8032758927544397
0.7972032269477174  -0.5852410307439617
0.9575235367990209  -0.543194077614221
0.19322316664468098  -0.9633681121150579
-0.10951815866477133  -0.9880779176564095
0.847738154210557  -0.5643648571331102
-0.4629886101793784  -0.8096742535760658
0.4840969820505502  -0.7944713412088253
0.3933156455481981  -0.8576841744790235
-0.9013321054513642  -0.5495066178418899
0.09084039456101767  -0.991782140140454
0.3496995644402262  -0.8853978606200456
-0.044768054830533144  -0.997997830637847
-0.476023862260471  -0.800312802493259
-0.27577935872800985  -0.9268901152304447
0.5435663693319764  -0.7507843239246237
-0.8930266295913486  -0.5512717685207827
0.6060395922404068  -0.7048668712503701
0.6679712500929984  -0.6612162826799926
0.5322962269812971  -0.7591159416067155