1
200
0.6451084435657994  0.8457587512744635
0.0426130241282916  0.04354430837110462
1.8835799315476547  2.5736922839813277
1.2663919919612263  1.775141341750143
1.7390112269083593  2.399913194376002
0.32385354349576345  0.3802845780323455
1.558150165812493  2.1712123794525997
1.482388233677173  2.071582491089197
0.6133061728183964  0.7975713175296104
0.4775817652183574  0.5958623191750203
1.667580432187309  2.3111139633480904
0.7068689541695963  0.9399015664133983
0.8872398388284211  1.215762448480047
1.2492303157980913  1.7508204581578652
0.3440675807490192  0.4075839692633402
0.8599710032453414  1.1741874297148063
1.3011532099428913  1.8240660863283908
0.5190746811221372  0.6566760831517036
0.962469963503302  1.3298300713042694
0.6603373943545283  0.8689139688494227
0.6885554372478595  0.9119268540003461
0.2534159872512529  0.28811443325271374
0.41774096304560104  0.5099136549245531
1.360274980714461  1.9062192297158038
1.54599292674366  2.155378409780652
0.5807352370998138  0.7485078993684335
1.451116161788518  2.0297949023861417
0.4096245641459224  0.4984384315375131
1.6226498222707526  2.254241863101563
0.45235287967866933  0.5593516779302707
0.682341894520816  0.9024450138859554
1.7197922042772806  2.3762147973443075
0.9379446103379043  1.2927614506045049
1.9115798124301544  2.6064524077265205
1.2728107714150119  1.7842096465309631
1.2950914367330708  1.8155672512479133
0.6842140206328113  0.9053013035653514
0.12230067889669893  0.13022745235749492
0.4745482409082735  0.5914525236199801
1.6567514205818212  2.297479064875185
0.5829059220903745  0.7517672583550724
1.997381901484703  2.7050818190370283
1.712571951633542  2.3672749955573655
1.7056472836155878  2.3586822783146615
0.4365288779396723  0.5366513545072285
0.5192507362386993  0.6569359649995247
0.3032240896929528  0.3528016342411537
0.45301380797014756  0.5603032635699489
1.8549351131463725  2.539880114535314
1.659444653885748  2.300874411977835
1.428654879555452  1.9995419739519087
1.3941048860080452  1.9526184273030078
1.4333422282295907  2.0058717878139687
0.18088402906264944  0.19845849601239957
0.5677137887830737  0.7289902200682634
1.207966059636403  1.6919005315787365
1.0208257234565008  1.4174776238198379
1.546072626378277  2.155482403711168
0.2260825063550731  0.25367402031296704
1.9371892595973579  2.6361664361977457
0.14184425389219024  0.15256478569638943
1.656385727859242  2.2970178193176447
0.513562885554125  0.6485473871836893
1.834722710750633  2.515838889376795
0.11968608140468384  0.12727148969462523
0.21205696435682642  0.23630529918879534
0.8840097020882445  1.2108429621513093
0.6605119443375189  0.8691796276625146
0.9995542955532517  1.3856257796292832
1.109428788586139  1.5487919108010715
0.18347826661277167  0.20156782316616217
0.36895070373144456  0.44166755325297213
0.9803362862294434  1.3567514246404238
0.48148546682272575  0.6015447300023913
0.04473263126395621  0.04576000637982253
1.8488240211027815  2.532627400465377
1.737930948474616  2.398584897386624
1.7396386088744662  2.400684410149603
0.6213402531137806  0.8097209905662183
0.6606285674523495  0.8693571269824758
1.759334975448794  2.424819798666627
1.2891904861139396  1.8072805245377694
1.6721563114426532  2.316861750518542
1.5618592959362805  2.176031616740364
1.6055186901780176  2.232349183382129
0.46785216511104166  0.581737258542938
0.0870785198440156  0.09104790558890474
1.0190525042102574  1.4148268924954015
1.8824485445775758  2.5723625275832056
0.6961469059445573  0.9235183466008061
1.0875325397249118  1.5165577894358755
0.8760816034767376  1.1987622030637453
0.6234428907430909  0.8129035384592167
1.8304831475017693  2.510776944284869
0.5402251144472796  0.6879985998115148
0.8814021625723227  1.206870591283534
1.7723751660510803  2.440717476860203
0.2741328659740636  0.31472493895649645
0.09028088608428231  0.09455295803212517
0.872647357375856  1.1935264606311002
0.5060660779593318  0.637514976629033
1.5283063164045994  2.132238245514676
1.1499566685214724  1.6080489676637653
1.0751784942377391  1.4983059034091997
0.24553637895190805  0.27810693988044505
1.5549656105538936  2.1670703722974327
0.17170522153008116  0.18751656870845418
1.1918965393298258  1.668789784025932
0.3796175919043203  0.4564329726697671
0.5749731483804525  0.7398637737627447
0.089438466014236  0.0936298095916808
1.7448261601063  2.407055483472557
0.9607482239248875  1.327231932371765
1.7396251745748907  2.400667897478331
1.3294183757457878  1.863509958624364
0.4746846403455378  0.5916506931129895
0.9316096948430834  1.2831666916287776
1.4905714737098623  2.0824534311718246
0.37228235634042584  0.4462696093413148
0.5128529283938006  0.6475014197275281
1.8025851866153144  2.4772996785088157
0.36257823935968414  0.43289013691161765
0.49028687064819376  0.6143873963105749
1.510867807091776  2.109301246533432
1.1238522859220645  1.5699423479837886
0.4855416357597353  0.6074580671627179
1.9889321164207336  2.695485063338083
1.9457587237011993  2.6460566011206543
1.5822487004979209  2.2024262029948227
1.106614558599222  1.5446574121324164
0.04970911427450231  0.05098103991522199
0.4152539602757186  0.5063925012061891
0.10187834777942295  0.10734201612747071
0.08026138220966095  0.08362426160265132
1.1007872208846812  1.5360882891960586
1.8950867549764503  2.5871900058065904
0.9387530701004818  1.293985363111645
1.4635086300041835  2.046400794883761
1.53503907594833  2.1410616252535624
1.6513318845752845  2.290638093763532
1.4335936007484762  2.006210997143749
1.1056126592721027  1.5431848765953542
1.5498791461779484  2.160446308878813
0.7839091577585069  1.0578408271066289
0.8232414744602996  1.1180555650255033
1.4358192063856006  2.0092132048980886
1.9009675307307847  2.5940695854406224
1.2230915786082965  1.7135694541616462
1.30996176161911  1.8363911132677448
1.5298415801427483  2.1342518129361236
0.4419115701486116  0.5443550624817023
0.40905980215982685  0.49764169763763405
0.4492440922536143  0.5548793909959273
0.975138681085481  1.3489270851016835
0.46467430971788715  0.5771357164076564
0.8552477005562193  1.166976634543874
0.8405388081281637  1.1445060645394927
0.05702573719314774  0.05870571447366136
0.06047720704426163  0.06236982235161703
1.3294265082617829  1.863521263448275
1.0916913809652018  1.522691605975989
0.3521056716286659  0.41853767181276025
0.9885633312661228  1.3691231972106506
0.48217872737119527  0.6025547636591916
1.076668346498192  1.5005094569444166
0.9424597864152144  1.2995952212027295
0.8702642339188251  1.1898923125242606
0.4106154544897598  0.49983687549428657
0.6174945068347297  0.8039030494139375
0.1534921361621322  0.16608056765390264
1.9183932089574627  2.6143809829952236
0.8658946615619336  1.1832270374545326
1.8951502463992305  2.5872643481410096
0.9702726540658464  1.3415962480748242
0.867064228817195  1.1850113120132681
0.5963002441597614  0.7719135712299048
0.13050570462739186  0.13955338381017351
0.10167889789593976  0.10712080754129784
0.28461567332163296  0.32835175115352244
0.6633454713535045  0.8734929307496606
0.3751959668563103  0.45030148038428364
0.03858894805013935  0.039351010463265335
1.0323943532190736  1.434750586261743
1.4765676558040846  2.063834043988672
0.6136712047153214  0.7981229665229335
0.3918307183969376  0.4734478875390426
1.274734856446716  1.7869249488447898
0.7633827852922035  1.0263999122094574
0.8014818881111678  1.0847518767113475
1.2975465083811362  1.8190110340177
1.1505466080809692  1.6089075326004818
1.7235736600549767  2.3808888169250944
1.951188746558084  2.652309851876968
1.7420846310366567  2.403689767970169
1.9844992741645098  2.690440445091136
1.2136873996195705  1.7001066237982165
0.92611444548992  1.2748374185144522
1.2854830517836093  1.8020674315665848
0.7458758081729793  0.9995872744892284
0.9648206409090649  1.3333762361335315
