1
10000
-27.67496765211505  -670.9317139463957
18.467339473597356  450.32634920841576
-19.63622106117308  -475.5901717865059
-18.331872260595617  -443.8944959324735
47.703166645266734  1160.7569494799816
28.628160751336445  697.2343062574757
27.31296657854278  665.2750878585897
34.348006000232644  836.2265458056534
-16.86029468072855  -408.13516074170377
-28.661242306211992  -694.8981880409514
1.6058351839097096  40.591794969005946
-40.688358079463185  -987.1571013309554
-27.944756998435842  -677.487595061991
-33.54149142409428  -813.488241605491
1.2934886713379001  33.001774713510976
31.07270615395133  756.6367595410173
12.350957223186615  301.6982605234347
23.5144541857781  572.9712367144078
-9.44399496670713  -227.91907769098327
-23.352825958684438  -565.9036707960319
-14.710584205211386  -355.89719618663673
-9.99013535363159  -241.19028909324766
-12.300078795348234  -297.3219147269621
35.58613098293085  866.3129828852196
1.0237321873136696  26.44669215172217
1.8795467253014009  47.24298542482404
8.075271325325312  197.7990932054051
24.65304451043462  600.6389816035613
45.819748261963376  1114.98988276571
36.0901370177479  878.5603295312741
-49.135385844632665  -1192.4198760245738
-46.764097598567425  -1134.7975716451886
5.459877096759181  134.2450134512481
25.98409995046343  632.9836287962614
-5.268262243613275  -126.44877251980259
18.19691692835843  443.75508135910985
4.078635954565457  100.6808536959406
-42.0039732824851  -1019.1265507643878
2.7857302420602856  69.26324488206494
-18.909881518245932  -457.94012089337616
35.85805368314527  872.9207045004301
-19.382833266203548  -469.43284836874625
-44.05527270628718  -1068.9731267627785
41.298387640877756  1005.1208196733296
22.338678056367122  544.3998767697211
38.881758547165155  946.3967326961133
-44.72487389088281  -1085.2444355484524
-41.291277507363354  -1001.8080434289295
-6.293573518260509  -151.36383649373036
47.83515127323406  1163.9641759395877
41.38305995156132  1007.1783568229401
49.22916444023627  1197.8386958977412
-14.326212728050564  -346.5569692916287
30.434889553048734  741.1378161390843
20.687144846687467  504.2676197745055
43.522989744453774  1059.1786507902266
-28.800515802620247  -698.2825340036719
48.147156343604465  1171.5458991495884
2.0962269890728136  52.50831583446937
30.960306180317847  753.9054401817237
-25.97099787824379  -629.525248441324
3.4312071898372154  84.94833471304433
-20.261484847142558  -490.7840817855642
-13.708431297906376  -331.54488053912496
-11.25327580861662  -271.88460214938385
32.517215068424306  791.7383261627107
49.85482367294763  1213.0422152526273
-4.557736008295333  -109.1829850015766
14.4599504477552  352.94679588045136
-5.900721528066477  -141.8175331320154
-45.15798876826998  -1095.7691270689606
28.754978071304  700.3159671326872
47.524130974952406  1156.4063826913434
8.424118193402752  206.27607209968687
29.08770437530696  708.4012163199592
-22.895755182591554  -554.7968509369747
-24.74266170929493  -599.6766795358667
34.340974803911536  836.0556877350504
-11.49848440061827  -277.843170935024
8.776747892648295  214.84497379135357
-0.893349995498377  -20.138404890610563
-16.596908861856292  -401.7348853431079
-44.58322352927436  -1081.8023317613672
32.852608874041444  799.8883956392071
45.71526319278681  1112.4508955847193
-13.711100877908573  -331.60975133317834
-33.9827242217738  -824.2101985891034
19.99896964853735  487.5449624594576
-44.18845164330684  -1072.2093749323562
-2.1054355446490147  -49.59208373497106
17.818818459311775  434.56728856127614
-43.65216968951142  -1059.1777234551275
-40.80919195560717  -990.0933645212542
-16.503641365481165  -399.46848518119236
2.2817558125060478  57.016666243896964
13.077998609929665  319.36536622129086
32.62912637946299  794.4577710209506
-46.110701869013724  -1118.9200554170336
-1.6310514547189625  -38.06455034967079
-22.515802608322833  -545.5640033822448
10.21143390567379  249.7078439078731
-29.683187019061112  -719.7314445631849
-22.510016143423467  -545.4233922851902
-46.25104769343789  -1122.3304589505408
-47.85443382050028  -1161.2927418381569
48.314060412492516  1175.6016680235682
-7.3276593865374995  -176.49212309286125
48.288472972916445  1174.9798932418696
4.442795014308231  109.52991884769001
-40.780895991523  -989.4057725940089
9.127738358648669  223.37404211516267
-5.229689687199074  -125.51145939893752
14.108788741532551  344.413566419241
12.644327516822617  308.8271586587896
10.843188411629267  265.0594784025912
-16.20316234169162  -392.1668449031064
-21.52076608827874  -521.3846159451733
-26.933966128890507  -652.9253769320393
-25.12520622510565  -608.9725112700672
-44.251194597329224  -1073.7340287151003
-0.06334906135787022  0.03061780900375366
1.221873266057466  31.261520365196425
-17.039774357628573  -412.4965168903744
49.447646767405764  1203.14781644796
32.43354844681156  789.7052272575208
-43.15911180444656  -1047.1964168480515
-30.840435560701984  -747.8525841250582
-35.20177465287356  -853.8331240648275
32.249318859216096  785.2284482789512
-34.1387506452329  -828.0016406791596
23.754615412628322  578.8071545268683
35.69771460252568  869.0244648413741
42.151796859751855  1025.85866369197
18.64911163886349  454.74341282438286
14.261846494733998  348.1328698220361
24.225779146047365  590.256433248951
8.579769811171307  210.05840641146276
25.093928827210437  611.3524705012137
39.69572490791863  966.1761152624229
-19.280866101458336  -466.9550462654376
-5.904647465191376  -141.91293340415044
-32.3814899119433  -785.3002048602222
38.16747644400457  929.0396775893112
-7.734926174310985  -186.38870603575694
-12.93651532995559  -312.78732251792087
5.4226949765361745  133.34148792982904
-22.78750224947057  -552.1663046621348
-42.134581979336616  -1022.3003420978797
32.94658068975033  802.171910760933
1.828402108403382  46.000171234202185
-1.9523039909750517  -45.87098698069376
-2.23161308854492  -52.65819805164156
44.29861285656833  1078.0262924146105
1.5592727541413443  39.460327925634665
18.067699728199603  440.61510339525034
39.22319462911964  954.6936294876073
22.541711104217534  549.3335798324862
-31.056762443852946  -753.1093273856266
28.49525105630525  694.0046006682177
44.86037520500407  1091.6771174815988
36.38906174255104  885.8242003439905
43.47174538105176  1057.9334127595578
36.73734822414645  894.2875618467589
6.577456979793123  161.40220460897288
39.392024062885184  958.79618472811
-27.007711753072744  -654.7173955996676
-48.9174145531226  -1187.1231736408793
-24.101566995342754  -584.0980779868289
6.316240506264325  155.0546443022231
44.108315426183815  1073.4020648562666
30.465190104816557  741.8741195470424
-22.620841579842164  -548.1164503901646
48.236159627449666  1173.7086789470268
5.24445650869167  129.01029316120758
20.583099013193735  501.7393060206078
-2.521305137538088  -59.697714842175536
33.18666915600954  808.006060491032
-2.39399625444599  -56.60410898303756
27.548195371331957  670.9911475233666
-15.946648124975487  -385.93354943690434
39.84528858325987  969.810512573215
18.95755611821815  462.23861367270104
26.195207705333072  638.1135472395937
-5.991754720054926  -144.02963969733472
-30.16563626550242  -731.4549612517088
44.81676767275249  1090.6174544478854
10.029724626326924  245.29230841974427
-35.20998367924122  -854.0326034055616
-43.1426426782944  -1046.796217082554
7.5167254028358945  184.22642728891225
14.336561873576448  349.9484535279077
-16.29581772611855  -394.4183707446808
-35.96227388683787  -872.3132554501602
-33.142278416710006  -803.7873655260531
-23.376889957796237  -566.4884259744485
39.29867257435842  956.5277435569097
30.673262146571606  746.9302701616901
23.35819923107042  569.1742413150113
-4.308694812112596  -103.1312839343361
-16.53027342547079  -400.1156442389402
