-0.9116208765179836  -0.28643369587299783  -0.7085452586710947
0.9487213616747853  0.9240856651342318  1.566542244324857
-0.03545118626255195  0.9370578999321654  0.7340687762823725
-0.2029568610492326  -0.7724016743034728  0.36027029091564816
-0.5030870547809788  0.21781670889400884  -0.4347060736416127
0.466122144528909  -0.8709368177456376  1.1372813907626709
0.015945349152652444  -0.4737733550142542  0.23852577629791138
-0.6082102660170025  0.18128733563122545  -0.5385404094486667
0.32368783765649267  0.33315336909805227  0.42882846330285923
0.5556316659213147  -0.2623034082740696  0.5962288549622351
-0.760830263583315  0.10187037023056922  -0.6791456264704259
0.2509676918974527  0.9758532351476711  1.0630866083367079
0.12127324135079531  0.5917012454783683  0.4639776731243656
-0.017947658707997638  0.08787744751664606  -0.010224326152083366
0.04626743028677638  -0.8656235806419432  0.7273803985627357
-0.5726004815028138  -0.8246483356265216  0.0870083493187388
0.5622973671137865  0.07332966863495882  0.5385084648542584
0.41146628165945287  -0.9688875889785522  1.2067698500792041
-0.07685049970121272  0.9775329792485152  0.7398683880007828
-0.8075120597374825  -0.6366884422926558  -0.32820870585878736
0.9995692018053772  -0.2938274521883757  0.927465505698374
-0.2955838280106641  -0.3907960726156545  -0.13916982265107125
0.5720286037300868  -0.3931172955922737  0.6952656120314489
-0.48907054753018375  -0.3236011116648725  -0.3652791995628903
0.47012979454065673  -0.7587028222466403  0.9973653530546253
0.7608034542713656  -0.5172076805588628  0.9538284239151067
0.18826233039177354  -0.31580433174346656  0.2867193378198057
-0.6825472911767906  -0.2692796906501963  -0.5583236608664348
0.16400887578926504  0.028576854963273557  0.16409122391071176
-0.8528554585241708  -0.40130539594177284  -0.5928111146941127
0.48690350118514014  0.11058566627121658  0.4801203784039106
-0.5722891877461006  -0.15783378419948624  -0.5166489756030365
-0.9259035025953947  -0.6444680732800521  -0.39566397544266535
0.7333906657810052  0.8066354414608458  1.2751047084992901
-0.8697043102426287  -0.1334252163813997  -0.7463368869493273
-0.7813290463960599  -0.28425598108923233  -0.6235100671851468
0.7043594660226229  -0.4927103577254196  0.8879318631081015
0.9364085591713038  0.650821767949599  1.2164513476092922
-0.6470257225866282  -0.6679795553169965  -0.17127824466999908
-0.33386497440161744  0.8521085811979243  0.3362531622437154
-0.24682647138403058  0.5769419777718667  0.08242146668487846
0.8774327095255985  0.29379828065532887  0.8553108707851013
0.6782282927685783  -0.5020099030255234  0.8767691969947315
0.4845162746576449  0.048665266177902455  0.46814867114687636
0.7539959981421334  -0.7085487106153148  1.1657730635499668
0.851548514306786  -0.5064047164584298  1.0059456283466617
0.8293933923588384  -0.6729347417903941  1.1750439460027882
-0.7329896926993114  -0.8803269352368729  0.030604087210474917
-0.6531205262871216  0.3271396519020927  -0.5008514771241546
-0.11676880275912227  0.975700042842415  0.6980681480852751
-0.8304367068726471  -0.5652932107999178  -0.4240805613097827
0.21876699465109972  0.849762700901825  0.8779856640963677
-0.12755182711909396  -0.519079126592268  0.13898846795288358
-0.30079535699257953  0.6301046151352938  0.09040281497796537
0.9818394950192324  0.8524589003848777  1.4959172067693116
-0.34765052799780094  0.5611107019844922  -0.031020530055840878
0.5485245864959151  -0.3147938361489335  0.6203618899032625
-0.292095187713155  0.9004909501439978  0.43693707756066125
0.5606378218506396  -0.7407650188754289  1.0533329893935182
-0.9404810121310728  0.2507052619149248  -0.7450299493523096
-0.49525129258264455  0.5145195851689057  -0.21360369278393931
-0.9803126623953458  -0.2725999311654831  -0.7564291402156639
-0.7059735770922904  -0.596271193902676  -0.3006789880587637
-0.4140673913569398  -0.05818078505314517  -0.39895131249541066
0.6206831855036844  -0.6173470187525153  0.9535489281144592
0.6963893773425649  0.1316675764166958  0.6587874197973671
0.026425269391023187  -0.3127231058888973  0.12406212302055294
0.5053458698420924  -0.5764345735112181  0.8103062602688966
-0.22283066949669383  -0.9098717101219268  0.5154986766076237
0.9693661970444194  0.9519053622390966  1.6116460839399762
-0.16450079507545268  0.7138262608401912  0.3240227703396611
0.8320114940163396  -0.8488143814247958  1.399037247911044
-0.01532658322680791  -0.40844813304130057  0.15073109644076693
0.26469228021458713  0.34148433008913426  0.3779597194701936
0.07808819905538522  0.8737756844692531  0.7694514117026628
0.14634219433960116  0.5180288434581056  0.4109650044215725
-0.2559538176841476  0.14299391640950254  -0.23272243275651894
-0.6979686273267248  0.31793193828882016  -0.5417540031780508
0.8543246952556316  -0.48705322136086626  0.9891298053461819
-0.48366170235767625  -0.273661975969688  -0.39020309322168306
-0.08814848023106447  0.22048464654572264  -0.03944003619451549
0.32840444272513747  -0.4593574930191253  0.5319800781711436
-0.45825822393258553  0.3218250010692947  -0.3390004495702237
0.532864876262796  0.09380545630694348  0.5168024488096862
-0.6780286691964311  0.2127255715766948  -0.5820222240391945
-0.5278664453087365  0.25368045026152064  -0.4393819850807689
-0.9368398466791543  0.350841490949485  -0.6829110873274719
0.4636544784696296  0.031205694141365092  0.4481935349220492
0.48828779529874955  0.6756818321243404  0.9099649087922563
0.09425290387123497  -0.05104338813222509  0.09671883936345842
-0.24819940629197867  0.3695630024982326  -0.10950633256902378
0.13361618161340794  0.45545507516737616  0.339173755410781
0.8203308601643567  0.026593844527546873  0.7320787420326476
0.2320255717241022  0.5138494229199118  0.49093313124618226
0.06682083973348085  -0.7833042261916974  0.642557401071248
0.06798419863623084  0.7301397017843869  0.5761408829457599
0.5773207477800836  -0.5802999868729825  0.8762004446395655
0.25808441647564206  0.3543714923692163  0.3804782289217403
0.627147685797989  0.7735105660136891  1.1500915692499087
-0.8559270890349436  -0.27748891131991127  -0.6782549354163943
0.053340832392844706  -0.27763421791321985  0.13031999450732826
-0.9077715185455489  -0.4516388970993205  -0.5855679062419976
-0.9113135257743984  0.23785109511519742  -0.7337662582091625
-0.6394095878122412  -0.8629544772046418  0.08102244641927925
0.43766940049071046  0.5264610388648945  0.697456015383895
0.4136418653687228  0.147314164561545  0.4236464674772681
0.26110566483528375  -0.7396313763246184  0.7783228143378947
0.18416301770175014  0.718280228720057  0.67646472134874
0.6382002866524562  0.6198561358491526  0.9705885627199791
-0.10874089135465681  0.634531260767552  0.2833125949314437
0.7999351071145838  -0.19910118908576835  0.7569417801322382
0.6170229357464693  0.814005860505447  1.1937827463943063
0.9743329567528249  0.3961359556928692  0.983607826391631
0.16647956936840114  -0.8741739016198076  0.8576568647389361
-0.887499369573666  -0.2125517750004856  -0.7303325028069404
0.2898703972746187  -0.190981183974958  0.32229375776688884
0.26719491642727256  -0.16188483026584455  0.2902306315572465
-0.23079983825663797  0.3998304017634646  -0.06957193822079677
0.19798904966478226  -0.694667567528946  0.6607491155646549
-0.387637974377678  -0.7653501316446287  0.1748308329285116
0.8638480045946269  -0.41182391057363443  0.929134578601988
0.11317427521147849  -0.7056696659944461  0.5905756087434423
0.9121030428829651  -0.005417926408490814  0.7908220803917569
-0.8363202072793834  -0.4325965382324277  -0.5561325958183794
0.17216893899363128  0.5483107007486904  0.4674556012596473
0.4370863224112529  -0.6507403545070286  0.834221543068307
-0.9438013157847862  0.8448446473512842  -0.1551117604029688
0.786653059812249  -0.6136265661081608  1.0756963792748042
0.3543842177724801  -0.6284545976337369  0.7317797342313989
-0.09598759733241724  0.458703235046651  0.11301929606624744
0.08463828225323744  0.9774211264852755  0.9010543073534583
-0.4501046467925883  0.6094953639150545  -0.07206059577649732
-0.929778091818933  -0.14827741783133597  -0.7795028355419361
-0.6573319962903574  -0.4437647657105396  -0.41535015316820134
0.4416838821848823  -0.2822296526604945  0.5070317296713309
-0.34604548635419163  -0.26126859299568117  -0.27097209547710693
0.17088123724389592  -0.011045061919130017  0.17017281065896156
0.3931364061690473  -0.5515871078380487  0.6826635503759089
0.5694535564788197  0.7160232764677323  1.0296944956572534
0.0824432629563564  -0.4476419027596693  0.28139485105875667
0.3424873934659911  -0.12084016185088875  0.35043288563731445
-0.44662023435824416  0.16820852274711817  -0.4036294233591069
-0.2519320776878511  -0.523309508021796  0.021167193584414573
-0.6371535982484051  -0.8953247138408214  0.12356437656530173
0.029133637636490906  -0.49264202596577045  0.269450163989004
-0.754827492586005  0.4205150019335606  -0.509250309456539
0.9776908687469593  -0.4309128636016163  1.013829601588108
-0.7328550195814969  -0.6258269588651728  -0.28727173291303126
0.02421962918698184  0.37662493636145267  0.16558841524362394
0.7387362736486266  0.3685624897265565  0.8087750962355508
-0.7692618174508983  0.6240440704747808  -0.3159430177763609
0.30590263836648957  0.11717070184244227  0.31488257370538714
0.5127296650881348  -0.6570811455286573  0.9090236937618685
0.4452125268076246  -0.07305633416497814  0.4359869021636049
-0.17734519010763217  -0.016723493304321435  -0.17613735239991202
0.2578520308639588  0.9201810800665593  1.0041245651220536
-0.5695610019534988  -0.7053206438858031  -0.06205234445841601
-0.7792661902977847  -0.5105529408037998  -0.4450350814802975
-0.9310930076872821  0.7014774635277441  -0.329821034592043
0.6481306642198886  -0.0363939641582276  0.6050217215277166
0.31675034552963477  0.9410945562862287  1.0858123519472898
0.7004197214074784  -0.7044558148071892  1.120676922471882
-0.9476233639100485  -0.4915456202743238  -0.5727576973332589
0.23731174694746926  0.8382505611608443  0.8813435093444167
-0.43543018477825035  -0.5885347810452842  -0.0823118520786158
0.7736002517257846  0.24163668792419057  0.7570704990435875
-0.14708541355384974  -0.15340834129855652  -0.12302369622138676
-0.8226709101139154  -0.6921316837942757  -0.27203236122058766
-0.11213502976478318  -0.5002975704228442  0.1357921788896094
0.2628183434061553  0.5525195267628585  0.5603613145936732
0.79400852986555  0.26826324735217366  0.7850720109483726
-0.12118354732546444  -0.7309179320846678  0.3883008097484125
-0.914117043711552  -0.4675440906704592  -0.5751631695737863
0.03499775250490389  -0.946723455277859  0.8160030248011165
-0.891333271694831  0.6581504809405799  -0.35816732006637647
-0.049846679958281626  -0.41514382490781865  0.12166644212277178
0.5346197583522757  -0.1335862350835555  0.527358227686485
0.9016725371785376  -0.41686864155923875  0.9572715936204174
-0.49043634363930433  -0.9657462768784408  0.3321999952647456
-0.12918598492276812  0.6204477932059266  0.24669090713906197
0.8265970960047967  0.4854716463307812  0.9691374511887108
0.6678687618484659  0.649906221995906  1.0292447797743909
-0.6486246793377799  -0.286415030711604  -0.522149370030903
-0.3930351271959436  0.9939020145596802  0.45184565143408734
-0.052154594600714144  0.9104766190544744  0.6851033326137411
-0.08034035735300682  0.5183421214011744  0.18520367564300932
-0.16498931630198344  0.7169303504087212  0.32741305002734933
0.6261511211378635  -0.23293923614611256  0.640264467608071
0.8150282931990214  -0.9734214014120138  1.5397324925959328
-0.07142960018657007  0.5629815100438564  0.24029933075005208
0.15617237670813933  0.3073455659551444  0.24985919551563102
-0.9709560585199467  -0.7579761819457244  -0.28198725467115227
-0.7147062118236543  0.39591741300307093  -0.49928607815891435
-0.18017465966835444  -0.6243294771275868  0.20079026616986434
0.9955154824886067  -0.18081498819097797  0.8717277722336318
-0.9456719637182159  -0.9734666436182858  0.0011485479511448293
0.3633359924650773  -0.20010141740934828  0.3954242909804751
0.798888091160112  -0.8315400780747075  1.3542426496093072
0.13222182799844973  0.5207371238898884  0.39969302289012554
0.6983422295987916  -0.9419993795480416  1.4183580513347032
