2.2898260146401466  1.5132171075692167
3.283140705871552  1.8119439025178323
0.8750155415549363  0.9354226539671446
1.3110948684709527  1.1450305098428393
1.736911854233786  1.3179195173582436
3.9871504670406464  1.9967850327565675
0.5142058048621814  0.7170814492525807
1.1712167053637534  1.082227658750114
2.581572285791129  1.6067271970658643
2.554553397853549  1.5982970305464341
3.0893171309525784  1.7576453370781542
3.3722093253277783  1.8363576245731055
0.3533267475644042  0.5944129436380101
3.549210640771989  1.8839348823067077
0.06496914899089212  0.2548904646919773
2.8908411595103716  1.7002473818566437
0.8799023870358944  0.9380311226371406
1.937685322186673  1.3920076588103505
2.474732244884757  1.5731281717917192
0.5121874931983523  0.7156727556630561
1.3693972228317657  1.170212469097713
2.804845772069955  1.6747673784946837
0.7518356159103723  0.8670845494589166
3.4168401950832594  1.848469690063448
1.0731816299350534  1.0359448006216612
1.7364177434934263  1.3177320454073453
1.9822273727893598  1.4079159679431723
0.3357626069552304  0.5794502627104681
2.7254611531393116  1.6508970752712937
1.0028869994219964  1.0014424593664863
1.754424554105908  1.3245469240860845
1.1513314388843856  1.0730011364786085
3.0687036422662115  1.7517715725134404
3.5736819859783657  1.8904184684821417
1.7063738355445959  1.3062824486092568
3.0301352567146473  1.7407283695955114
2.5124169415679445  1.5850605482340239
1.510098762836133  1.2288607581154722
2.4203227019766467  1.5557386354965435
3.005133284921784  1.7335320259290812
2.3360441925073707  1.5284123110297727
1.429961369314121  1.1958099218998481
0.4924839505528835  0.7017720075301405
0.3818077517158729  0.6179059408323186
2.835023117825173  1.6837526890327965
3.5065414419924443  1.8725761511864996
2.4050572895829303  1.5508247127199548
1.4249750868602509  1.1937232036197716
3.4223397039514594  1.8499566762363542
3.8587946233218218  1.9643814861991094
0.25395168318518957  0.5039361895966488
1.4899515948954392  1.2206357339089493
3.9361858324469456  1.9839823165660893
3.2094975607294867  1.7915070641025914
3.436336091480233  1.8537357124143217
0.09380277408748894  0.30627238544715213
3.267613212334761  1.8076540632363154
1.3324069272055286  1.1542993230551288
2.0779236416354205  1.4415004827038458
2.379432757327328  1.5425410066923109
2.910355817792654  1.705976499777372
1.0790875918665264  1.0387914092186776
0.2806802355352507  0.5297926344667795
0.007306018528850267  0.08547525097272465
1.148275304134776  1.0715760841558457
1.6705919921877754  1.2925138266911405
0.19742485662415676  0.4443251699196848
1.7166211255314336  1.3101988877767503
0.33416391016015723  0.5780691223029969
0.4587010536357594  0.6772747253779365
1.4905746934511566  1.2208909424887862
2.629790233222033  1.6216627988648051
1.0769234152690559  1.0377492063447005
1.5059721379685138  1.2271805645333997
0.90806535201293  0.952924630814489
1.831107112089001  1.3531840643789008
3.1424155399707345  1.7726859676690438
0.10336574287692457  0.321505432111068
1.5102613936302154  1.2289269277016495
3.832519678796489  1.9576822210962863
1.486564911385659  1.2192476825426648
2.738759334819731  1.6549197366699482
2.507450725873124  1.5834932036081253
3.246452249602196  1.8017914001354862
1.0775734929670833  1.03806237431432
0.04918249500085459  0.22177126730226931
2.7182994350659424  1.6487266101649305
1.3176562403687635  1.1478920856808639
0.02738914741842713  0.16549666890432305
3.934144072331072  1.9834676887539842
1.3354238507566287  1.1556054044338095
1.923097324680636  1.3867578464463923
3.0408507500834103  1.7438035296682395
1.2769488225138481  1.1300216026757401
2.985018683997501  1.7277206614489222
3.2309190483125994  1.797475743455972
2.304213361353607  1.5179635573206647
1.6154354736535668  1.2709978259830215
1.9932610021192891  1.4118289563963793
3.416554603771127  1.8483924377066487
0.6730402949426288  0.8203903308441834
0.6230972425863275  0.7893650882743216
1.322990308146534  1.1502131577001429
2.6660892371941207  1.6328163513371983
0.38272709324154164  0.6186494106046991
1.4060787115940903  1.1857818988305102
2.8199482421444237  1.679270151626719
1.1540069624553846  1.0742471607853494
3.4932061702324595  1.8690120840252638
3.391072986562165  1.8414866240519276
3.2086399640249956  1.7912676974771236
3.764486238226144  1.940228398469145
3.8926610274812328  1.9729827742484811
3.9736745461168095  1.993407772162236
0.7036629474405292  0.8388462001109197
3.0324416919272013  1.7413907349952225
2.9233604367412767  1.7097837397581241
1.1162760972294468  1.0565396808589096
0.15312883126191235  0.39131679143874254
2.1125389756599455  1.453457593347651
3.556003965934865  1.885736982172982
3.7291252812672275  1.9310943222088421
0.30658532438382213  0.553701475872895
3.541441287634351  1.8818717511122671
3.527252074642516  1.878097993887038
2.937693232597817  1.7139700209157152
3.10062710675171  1.7608597635109133
3.1405783922708506  1.7721677099729727
3.968394276934921  1.9920828991121131
3.234033182970286  1.7983417870277847
1.7811650688006258  1.3346029629821095
3.613758367947929  1.9009887869074686
0.7913916761457753  0.8896019762488027
2.0293434369451204  1.4245502577814235
2.232105063165066  1.4940231133302677
3.2259754194140307  1.796100058296873
3.4618096171479587  1.8605938882915742
3.269475625915826  1.8081691364238652
2.0559681627718636  1.433864764464161
1.406797772902479  1.1860850614110605
1.7764380585104007  1.3328308439222138
3.5446641217504795  1.8827278405947259
2.752766374031897  1.6591462786722264
3.2037494757023723  1.789902085507018
3.87668082432283  1.9689288520215324
1.5192820871108688  1.2325916140842712
1.7692282798012609  1.3301234077337565
2.2181333186951435  1.4893398936089584
1.9670704975280717  1.4025229044575607
1.526960474195231  1.235702421376292
3.241249912623365  1.8003471644722762
0.9877727720733742  0.993867582766122
2.0715546421547693  1.4392896310870753
1.8209385358118744  1.3494215560053404
2.928229311047949  1.711206974929669
0.7381809168826936  0.8591745555372864
0.6484726806678554  0.8052780145191196
1.23904540011622  1.1131241620395365
0.13872278969155705  0.3724550841263374
3.0056959543317694  1.7336943082134664
3.9984300130025607  1.9996074647296556
0.9372431751258823  0.9681132036729394
3.372641785132709  1.836475370140506
1.84315663665059  1.3576290497225632
2.1375531230715317  1.462037319315595
0.3651931892905469  0.6043121621236386
2.9559924168168075  1.7192999787171543
3.1507180661560104  1.7750262156250003
3.171893463957552  1.7809810397524033
0.8018394724238624  0.8954548969232691
3.1199399028347874  1.7663351615236524
3.1314421045463567  1.7695881172030843
3.197026744883503  1.788023138799804
3.538532847645691  1.8810988404774724
1.7767599729911292  1.3329516018937557
2.953328718038779  1.7185251578137515
2.360178172990117  1.5362871388481116
3.191751417331833  1.786547345393296
2.671024015548785  1.6343267774679533
3.406482690807566  1.8456659206930073
3.960482621323989  1.9900961336890208
1.647005744587911  1.2833572162838804
1.6351420777110866  1.2787267408289726
3.6761448193008914  1.9173275200916748
2.326272091660727  1.5252121464441355
0.7800448284781836  0.8832014653963067
2.354172377993274  1.5343312478057904
2.309345019199519  1.519652927217106
0.6965632894432439  0.8346036720762998
0.3710134306358692  0.6091087182399126
3.345584806545588  1.8290939851592067
2.0349688347767634  1.4265233383217968
2.4471992044817474  1.5643526470977531
3.521741763727641  1.8766304281151474
0.7854487027730066  0.8862554387833153
1.304056895109467  1.1419531054773953
3.740380175930655  1.934006250230504
3.405878574820008  1.8455022554361749
3.363295630556723  1.8339290145904565
2.2491920259967326  1.4997306511493098
