1.0  2.0
2.0  6.0
3.0  12.0
4.0  20.0
5.0  30.0
6.0  42.0
7.0  56.0
8.0  72.0
9.0  90.0
10.0  110.0
11.0  132.0
12.0  156.0
13.0  182.0
14.0  210.0
15.0  240.0
16.0  272.0
17.0  306.0
18.0  342.0
19.0  380.0
20.0  420.0
21.0  462.0
22.0  506.0
23.0  552.0
24.0  600.0
25.0  650.0
26.0  702.0
27.0  756.0
28.0  812.0
29.0  870.0
30.0  930.0
31.0  992.0
32.0  1056.0
33.0  1122.0
34.0  1190.0
35.0  1260.0
36.0  1332.0
37.0  1406.0
38.0  1482.0
39.0  1560.0
40.0  1640.0
41.0  1722.0
42.0  1806.0
43.0  1892.0
44.0  1980.0
45.0  2070.0
46.0  2162.0
47.0  2256.0
48.0  2352.0
49.0  2450.0
50.0  2550.0
51.0  2652.0
52.0  2756.0
53.0  2862.0
54.0  2970.0
55.0  3080.0
56.0  3192.0
57.0  3306.0
58.0  3422.0
59.0  3540.0
60.0  3660.0
61.0  3782.0
62.0  3906.0
63.0  4032.0
64.0  4160.0
65.0  4290.0
66.0  4422.0
67.0  4556.0
68.0  4692.0
69.0  4830.0
70.0  4970.0
71.0  5112.0
72.0  5256.0
73.0  5402.0
74.0  5550.0
75.0  5700.0
76.0  5852.0
77.0  6006.0
78.0  6162.0
79.0  6320.0
80.0  6480.0
81.0  6642.0
82.0  6806.0
83.0  6972.0
84.0  7140.0
85.0  7310.0
86.0  7482.0
87.0  7656.0
88.0  7832.0
89.0  8010.0
90.0  8190.0
91.0  8372.0
92.0  8556.0
93.0  8742.0
94.0  8930.0
95.0  9120.0
96.0  9312.0
97.0  9506.0
98.0  9702.0
99.0  9900.0
100.0  10100.0
101.0  10302.0
