0.3622514829799319  0.5644728604719442
-0.7447844448152694  -0.5246864857639292
0.6636889673695071  1.7193135234422834
-0.8260284262396986  -0.6263286167506401
0.438326623715669  0.7677670722182255
-0.7659253904876141  -0.5480510396581326
0.752383289941987  2.305919928793961
-0.07519021449461694  -0.0699321796134769
-0.5944583569361224  -0.4005045443306755
-0.9716191190034842  -0.9195327596772902
0.3632972037173503  0.5669804329820572
-0.18679816071096578  -0.15743253730212264
-0.5176084597053716  -0.3537406084060051
-0.7355934252173573  -0.5151089087449319
-0.882498201625044  -0.7197185767132817
-0.16226840072087434  -0.1396292427297306
-0.511263204020553  -0.35011943479524593
-0.9130948921851079  -0.780228412517109
-0.49634649306093404  -0.3416981664904861
-0.8201361227219767  -0.6177811112582948
0.39767604197239304  0.6536694461543758
0.0045231517056829595  0.004543703566210017
-0.4644844710982067  -0.3240229867843736
6.831386830623565E-4  6.83605680546699E-4
0.03777143895938184  0.039254120678601005
0.3868992569698425  0.6255824569410245
0.1701710403820228  0.20503834526650067
0.3942006490416732  0.6445175166304054
-0.8391020887532931  -0.6460506118243633
0.7074364568547958  1.9896066643165256
-0.17430938603708745  -0.1484595436080946
-0.21264452292155267  -0.17543226625291697
0.9044779679015065  3.7370764701270875
0.6672718278264068  1.7401625188725558
0.047368806470421965  0.04972416974730494
0.9488540190629221  4.283162320933357
-0.5373619576711418  -0.3651963070598877
0.5884551567128992  1.328975388523152
-0.58250267433604  -0.39277510148655304
-0.023169174581221252  -0.022644519901017054
0.6648537947470864  1.726067550676471
-0.35358143752777216  -0.2626628014305843
0.10351577287062119  0.11546722112706415
0.20419625508517547  0.2565001295412286
-0.3650603127663541  -0.2691655833426026
0.534991771766245  1.10007735933312
0.9729365651176505  4.608402940242737
-0.3086345266800711  -0.23650517040640323
-0.09287661680703119  -0.08498421252294985
-0.7892570561903323  -0.5762034476636961
-0.07830067922049888  -0.07261509817079849
0.8344917143987364  3.0016071221969214
-0.3866796345234813  -0.28126353400249493
0.8826972804714522  3.4925604167382724
0.028854178127586505  0.029711477824054033
0.8626795546177084  3.2805745036828444
0.8081614719573373  2.7604283220691634
-0.03497908727486576  -0.033796904243400774
0.030236314703743217  0.031179053616929207
0.7738952333607771  2.4725979048881723
0.6185071510105439  1.4745298160961093
0.6203724147091758  1.4839995419101089
-0.9213028838926466  -0.7978067456180931
0.07085776775273267  0.07626135022739852
-0.22634774159601767  -0.18468026131191168
-0.6500371367064429  -0.4396760948641333
0.6551037768884765  1.6702452710494717
0.8703837082100392  3.3607561673948645
0.7563959226065928  2.336226652764267
0.8737485132225393  3.396323108499822
0.5851284462801153  1.3136473675693896
-0.435448996859122  -0.30810323192334693
-0.1823986982263739  -0.15429272922319776
0.7857605487108159  2.569068626131627
-0.27828593613592967  -0.21806576090483015
0.4542995822377178  0.8163971458102343
0.3440169639078874  0.5219027738635081
-0.2970442508522545  -0.229545910612867
0.217686791001943  0.2781243829761168
-0.6418359944563496  -0.43350664720552223
0.82447004353539  2.9076719686549097
0.3449279013819917  0.5239786491258035
-0.6811461984766868  -0.46457458767664495
0.6379122209190085  1.575658988888538
0.10425814273895884  0.11639163405537704
0.2512045204021609  0.33514256338089676
-0.2854289956350178  -0.22247026996822383
0.10785242007621865  0.12088901947965078
-0.6260034097241588  -0.42200681464618556
0.2110617630291064  0.26741429443217957
0.1716089616005414  0.2071285329465818
0.41240390539313865  0.6934767467683598
0.40642638968165845  0.6771179561607324
-0.8977276284849163  -0.7488790165372367
-0.5735162329423399  -0.3870959954909413
0.2075081157024381  0.2617418318751289
-0.6137012029038942  -0.4134135065264789
0.8015150438783326  2.7023620255685885
-0.5590981325289662  -0.3781944732791701
0.8586860459167531  3.239689906337449
-0.0919093827315538  -0.0841736383673091
0.5869872833472471  1.322193387201161
-0.06362076225526558  -0.05981533157789381
0.6104980571814159  1.434459527139492
-0.1590391710963731  -0.13723035146745716
0.4482549983087778  0.7977282424764585
-0.9439895428226907  -0.849600471680084
-0.038452502140666756  -0.0370286607177203
0.13095292011980653  0.15067984246933366
0.16995521564952554  0.204725238218087
0.6750690823034424  1.7863055625895616
-0.4289014158315132  -0.3045182055126019
0.9309726956727512  4.055086973812921
0.3602511749452032  0.5596966342469112
-0.4817339800706787  -0.33354979899096193
0.3818757682970465  0.612780616972752
-0.8332101831627979  -0.6370307848525567
-0.11223117096940083  -0.10090813159361531
0.15448375003453474  0.18269330438035414
-0.11247660195917264  -0.10110651003274168
-0.8574932707259812  -0.675661379291778
-0.17137386897542206  -0.14632322387067678
0.5318068130740325  1.0875536510291592
-0.6383526195743942  -0.43093139863843083
0.5847194523549235  1.3117733427674179
0.5392861075536719  1.1171515174136784
0.6490798670516517  1.636552687603336
0.2839589256748437  0.3958357868379718
0.19369117666136026  0.24015410473574272
-0.3277088003204981  -0.2477556774882019
-0.8516405047880186  -0.6659924258809813
-0.7067052534388718  -0.48706709691584027
0.3339660836860521  0.4993419038141431
-0.5918251369224546  -0.3987841606327388
-0.7487727158588374  -0.5289486246732586
0.955766798871181  4.374358120166008
-0.04398101366610896  -0.04212818080781914
0.8181947284877975  2.850201932988057
0.7456962959095471  2.2561931625164733
0.9112441571008938  3.816093436108975
0.2996852860473279  0.4268950182015296
0.7201762271143423  2.075082597242833
-0.0322526444000808  -0.031244914411864413
-0.8195230765035345  -0.6169036362002418
0.9361457809675445  4.119927277148488
0.0024899289006921066  0.0024961441220817324
-0.32983139042620635  -0.24899314805743555
-0.5400993085802325  -0.3668085484661986
-0.6230618717852607  -0.4199261190624633
0.7966111838248727  2.6602234911372817
-0.40218337560840056  -0.28984466171155987
-0.549797259869533  -0.37257565894135136
-0.2948563389041049  -0.22822106009282467
-0.5399741297762558  -0.3667346767615741
0.32111754603456866  0.4713939884796219
-0.7122253837750168  -0.49219786919259495
0.9369832306951401  4.130510648503401
0.17450486217177696  0.2113599650008366
-0.7446802800347194  -0.5245760426405082
0.31347556980971203  0.45523021793392043
-0.9123219471693643  -0.7786035537275243
0.6737916480802387  1.7786729185982764
0.013267944636256024  0.01344635005894245
-0.8894877185489027  -0.7328733062475822
-0.0750017367666197  -0.06976911032297993
-0.0732391466910608  -0.06824136190910615
-0.6982245573050839  -0.4793797594070056
-0.9261643517556668  -0.8085022526128522
-0.7637286790003978  -0.5455323981295611
0.3738426589067879  0.5926830526766599
0.3478279254445159  0.5306223141911521
0.6002350484190823  1.3844867454792018
0.39266299443470254  0.6404971272737474
-0.9177576299456547  -0.7901410674034647
-0.5671697825195562  -0.3831474320308168
-0.34703358957968267  -0.2589247480772421
-0.765121427022373  -0.547126724314799
-0.09262809094303837  -0.08477607644489817
0.24128619513947303  0.3177599548168462
0.19076535017631535  0.23567596342415337
0.42385585797749004  0.7256125934021411
-0.5116776391093929  -0.35035518059541426
-0.6649968900012061  -0.45133855424139435
-0.45350656386702926  -0.31799389077624346
-0.3213860993550538  -0.24405285566663976
-0.13785501531081834  -0.12115944192745506
0.5782628501134494  1.282488795984116
-0.6710907856679116  -0.4562507296869919
0.8448408915842464  3.1014575539580473
-0.17286547385283113  -0.1474100496802514
-0.6224740877614319  -0.419512350819885
-0.287202051585261  -0.2235571804803893
0.7619883549924439  2.379058628160896
-0.9157085345356549  -0.7857613161187642
-0.5309300429335557  -0.36143310181874766
0.97140864576955  4.5871324009701455
0.968613136679916  4.548441741914609
0.2103813335303082  0.26632428746189973
-0.44587758882552253  -0.3138130528757246
-0.21253500591416308  -0.17535755540471124