-0.5969307051546727  -0.4533065280782805
0.9166302835442668  2.527004277736837
-0.0786743309872574  -0.07297164723179123
-0.4253291517029524  -0.32136838666387274
-0.19921401812393857  -0.16743384545667792
0.9054490213442855  2.467608403206407
0.4435333144902118  0.7275077880106965
0.5697386151767084  1.0792790498257254
0.8816521603726725  2.3442802019835467
-0.4474111227028429  -0.33679569776084706
-0.5414809353555257  -0.407042410433621
-0.4284257681117084  -0.3235140958856839
0.22941192567857038  0.29411566834760605
0.24735390638614163  0.3236719516691388
-0.8131703259084471  -0.6896299551691013
-0.607526433483802  -0.4626690055779249
-0.3223775917269146  -0.2519541165228898
0.2271099404557051  0.29040295210723543
0.45853533048625517  0.7651991648953396
0.21005585881128264  0.2634477147188654
0.8597891491858551  2.234614809149603
0.6238890506046328  1.255967642016192
0.06207211181568861  0.06616421944200267
0.1485608610681497  0.17390997765531854
-0.8153799947950643  -0.692636393114518
-0.8697165759401294  -0.7711692920987971
-0.7334374044184312  -0.5900452737682476
-0.777478649113408  -0.6429704894913191
-0.1114478998889128  -0.10041151911727807
0.9281060602796022  2.5889397149726183
-0.7776768937300371  -0.6432200251523239
0.9886658569612548  2.932507536945487
0.6411133954029147  1.3156543029459908
0.5502771141152447  1.0197086242222957
-0.9533409220153466  -0.9109344030891467
0.027818566788933685  0.028613967475352046
0.4650902307699746  0.7820023203306113
-0.6056121285613614  -0.4609640466831175
-0.5769416934799159  -0.43612177889476383
0.8100120059930198  1.997596087592188
0.1626123135266062  0.1933549971501691
-0.23967797376008315  -0.1960008711513394
-0.088650068021077  -0.08148791967925836
-0.4393466463202761  -0.3311262660610816
0.12573247097090923  0.14352878638974806
0.11802243931462209  0.13359570500970452
-0.20682624535081306  -0.17289657568917466
0.9706949743660763  2.827579817603488
-0.052028527890408904  -0.049462399721195184
-0.42508678449631976  -0.32120067109522077
0.4679235575758496  0.7893290253375166
-0.19080128463299706  -0.1613423000281451
0.01282210165067521  0.01298861597558734
-0.6049598762843075  -0.46038449344320054
0.7734999819763931  1.8345889621181808
-0.34149418737467474  -0.26470037212926795
0.2523363251943711  0.33207711374510895
-0.054331190669535845  -0.05153969145160694
0.5475173798466404  1.0114248376048716
0.25953001606289383  0.3443667047444652
0.30778900413471066  0.43168118059205157
-0.10788329648901829  -0.097500123549621
-0.24480351912082643  -0.1995455282194642
-0.3655926985325879  -0.2807990739707181
0.13123737692794557  0.15072096006531804
-0.6924970514736828  -0.5450333463643285
0.24549773589295087  0.3205628112253977
-0.29923317337756794  -0.23648616690975188
0.641062001657598  1.3154736459287162
-0.9690257198801802  -0.9399405349071533
0.6204957254977731  1.2444107987080448
-0.7670401618729241  -0.6299780990225872
-0.534296613968415  -0.4013509309984433
-0.12902686967877786  -0.11452696727407267
-0.8593550948630676  -0.7554900730387123
0.34809093124550117  0.5114354647065837
0.2505818134407285  0.3291074027652169
-0.2687236569197444  -0.2159164343523866
0.4148176612118425  0.6582705597587267
0.5837392135826283  1.1234006778746095
0.6943402940742909  1.511196056814884
-0.9236002834249553  -0.8584284614544068
-0.8370508476843682  -0.7228798525017086
-0.668054829939607  -0.5199086114637179
-0.6938420353103021  -0.5464524568507754
-0.4144187249487936  -0.3138493105385791
-0.34590473173828085  -0.26764217831375553
-0.4507374802083721  -0.33914695800549205
0.20414762502192485  0.2543319858533778
0.6290771777714237  1.2737650776764768
0.9209277282121385  2.550081672552642
0.26608525331654276  0.35572581370065315
-0.9454890942340314  -0.896759090339914
-0.24461290165979144  -0.19941395834591766
0.37657816966335667  0.5717922587346314
0.30960573566345007  0.43513892531290405
0.509466877725189  0.9012588166173034
-0.6797854218268071  -0.5318116331761604
0.43401523513130225  0.7041395726447663
-0.8981157725942353  -0.8159347381709648
-0.9625126196185325  -0.9277831654588963
-0.26105873790818523  -0.21069866082676486
-0.5010472432552616  -0.37578598194919505
-0.9696838058741915  -0.9411778922470927
-0.629387672461428  -0.48257744023132476
-0.1834337657976779  -0.1559579888888393
-0.7282613512354006  -0.5841407926464268
-0.6065258970241308  -0.4617771371673538
-0.0490571861963528  -0.04676864007193689
-0.8524654981964892  -0.745252555546429
-0.922053237032769  -0.8557842887989519
-0.1969754361995013  -0.16581862720049978
0.061100320389475216  0.06506167226043413
0.10493167281376092  0.11709769532186162
0.064221651816191  0.06861094947946737
0.09190326964049456  0.1011257150153808
0.6028872364230662  1.185493500711703
0.6230029012438429  1.2529432613884348
-0.5129867002590163  -0.3848265426499984
-0.25647335538359073  -0.20756522700535776
0.07607382152655018  0.0823013042705308
0.5803970445497115  1.1127707455951237
0.441737478767811  0.7230665966883137
-0.4698769162384918  -0.35283405357503445
-0.07553577213493734  -0.0702611001581382
0.18888315330269356  0.23129875400138006
-0.7095089861759127  -0.563274937918439
-0.08369562451564039  -0.07727695125052345
-0.8646832449076367  -0.7635100039810861
-0.3496332355223353  -0.27013019138763217
0.1511338027523026  0.17742734070887473
0.21380222068492993  0.2692868068553562
0.22816851162887763  0.2921080324811264
-0.05630320740591621  -0.05331164028990755
-0.22520957045595724  -0.18591270299905208
0.5112148698349058  0.9061567358407746
0.23631841246912377  0.3053623352576167
-0.5453565758534736  -0.41013934978508415
0.06446850218450362  0.06889263315899871
-0.3340794209779079  -0.2597566514376162
0.015194660708737207  0.015429046531321104
0.4440279188542786  0.7287336080483774
-0.23583008973058017  -0.19333014497585038
-0.22596124198584877  -0.1864399973114914
0.832004560226245  2.100175986609575
-0.32745552170594194  -0.2553405151037602
-0.9363642401766478  -0.880569806568687
0.09488655992957107  0.1047443264610376
-0.6776554350661111  -0.5296293668759902
-0.163895560740988  -0.14143632828083372
-0.9265866408258597  -0.8635566613988245
-0.38308064840774003  -0.29254725039990537
0.05656651830648962  0.059947289204278165
-0.10056292885422446  -0.09146700930516577
-0.23395396039552474  -0.19202484746491938
0.8191082751062886  2.039617809415501
0.8784216837053825  2.327858166219151
0.9225269584190923  2.5587050404148046
-0.5471214827304022  -0.4115559592638902
0.0521294665417652  0.05498860867325841
-0.18736768690554584  -0.15883888863276377
-0.30322244193744385  -0.23915803114714593
-0.2654714884463423  -0.21370550993124876
0.5822416524730911  1.1186300247979568
0.9612319221445321  2.7733451212896614
0.6575197290602169  1.3741188702945286
-0.3686153466501101  -0.2828245212426205
-0.9213868002523433  -0.8546478385141909
-0.36665483563789236  -0.2815105917432354
0.006930502306891073  0.006978867054048856
-0.6270184310995001  -0.4803799391991598
0.8460602974086903  2.1675035369482685
0.6656018345287942  1.4035064232969419
-0.7714081774052512  -0.6353799098265713
0.1875915781310138  0.2293836385409081
0.936065762817168  2.6324835869030405
0.43454014490962733  0.7054173850760848
-0.8133350042685332  -0.6898535281704898
-0.23703845019248238  -0.1941697565006246
-0.33281809340707547  -0.25891576583830545
0.8796366055427529  2.3340252739290683
-0.3766709820559768  -0.28823241975717273
-0.2709435475728884  -0.21742321742415857
0.7962048861355865  1.9348950004956755
-0.8096517924571326  -0.6848716851130771
0.7878719014671131  1.8976793193316297
-0.47803051330501023  -0.35875361039547554
0.6907736456698179  1.4975571127472167
0.2627775659410536  0.3499749445049657
0.9150672755623198  2.518645256139534
0.8867163668503183  2.370177137830602
-0.49002099794879517  -0.3675645449887318
0.8744841087983943  2.3079442012256233
-0.41812123279651014  -0.3163940647509591
0.2150319372693431  0.27121347587390154
0.7518167830475299  1.741993512285274
-0.820513804778165  -0.6996759975093421
-0.7645826193548649  -0.6269607775026145
-0.8151743707156716  -0.6923560295557162
-0.2885047486778518  -0.22928344854212485