-0.949274489675939  0.008810133073209103
-0.17809769922506957  0.029738538825245967
-0.6602180646371003  0.13870932165474753
-0.6245222246824732  0.14511609480289064
-0.45732842194582146  0.13081134405193728
-0.7460165796280757  0.10944714079041856
-0.5483149570178361  0.1470449869817525
0.5638066140385454  0.14790558582059082
-0.9976507885015041  2.191999638123665E-5
-0.7906788553166572  0.08783383849395299
0.5365286607687602  0.14598658506354598
-0.4319611870904544  0.12345479644636206
0.3542600115713981  0.09597624132424615
-0.526332722376558  0.14479912551535332
0.8778543937983714  0.04054380478719244
-0.4805510137864548  0.1365876879292004
-0.18549682656083577  0.03208184390210753
-0.33619180486816536  0.08891951240219129
0.5769640758762753  0.14814794933218747
-0.3726927427507627  0.10299334684610262
-0.23753819065731685  0.05023660700573939
0.4737924853168467  0.1350091191490746
0.6951623972732958  0.1290423430268703
-0.5789011215589027  0.14814493843673285
0.4625442541684387  0.13219347928574227
-0.6126874587946904  0.14645409456946482
-0.47136886411935397  0.13442201021553973
-0.481516237927724  0.13680596234582024
-0.5050926960587622  0.14155212705040224
-0.8812249749050283  0.038770850432597426
0.1959236149234893  0.03549564471014917
-0.7546369827748499  0.10555259982311693
-0.41215523241972796  0.11706089177415038
0.637326577435494  0.14322741163900815
0.18124167645131095  0.030725935893358255
0.8452745640944089  0.05824263584438072
-0.09472286044987421  0.008812133958667928
-0.38759143265372586  0.10848109803485835
-0.3618169052111637  0.09887938186307894
-0.671479277722851  0.1359542413329854
0.02328847706901027  5.417650298159268E-4
-0.9357179497233233  0.01355668533978538
0.025803515690407508  6.649350808238896E-4
0.974482960336437  0.0024105484047409753
-0.8747463608189155  0.042191992289892566
-0.05714886884715442  0.003244694624614903
-0.931379381172589  0.015236937303074405
0.11443807498879266  0.012755304820596084
-0.36486995279569956  0.10004239158457658
-0.7400089451813522  0.11207112019118626
0.5933221164257857  0.14780507730021092
-0.4831242665229858  0.1371655571154147
-0.29838107591067375  0.0738838458920692
0.30681912554427593  0.07724830565805514
-0.8387053601076884  0.06187040969668656
0.12203120992362071  0.014451398097875158
-0.9477247298514494  0.00931133935616113
0.5371347500404103  0.1460493187555616
0.8253491899247113  0.06923227170605362
0.5805169208425394  0.14813475376295
0.232015948073236  0.04819175456268766
-0.24816979378407567  0.0542356334453818
0.5926357022477389  0.14783403963719838
-0.5262784569513669  0.14479214582189448
-0.8092259823643702  0.07801241472787179
0.6586325726921354  0.1390691973228796
0.8715262199506829  0.04391185175410661
0.12916202882852945  0.016130839189980303
-0.1175272851333683  0.013433718759407392
0.26041327952182103  0.05892918075069456
-0.3190944555191786  0.08214176816229629
-0.7793780109697885  0.09361174208208478
-0.6058177371505618  0.14705189544658434
0.8534269584073603  0.053751658188474605
-0.5626156167143449  0.1478612698068186
-0.27247559630673035  0.06362814747031506
0.878796792638406  0.04004651902676615
-0.8608300781318735  0.049698017864033606
-0.43922835633998303  0.12566439476645272
-0.19597109646664446  0.03551147696279255
-0.2485671511434544  0.05438656522489178
0.03499269970104868  0.0012214921215532664
-0.5994130415266328  0.14749158876620888
-0.8863123502471051  0.036126625355833
-0.23258743681276173  0.048402276514581885
-0.18902261906114104  0.03322196132854093
-0.206006125918355  0.03891290027466891
-0.9899015101765622  3.9569448849574584E-4
0.866903038049895  0.046400307603601254
-0.6443012811074134  0.1420055708812345
0.8051974635069296  0.08017582554359093
0.35818718779790304  0.09748911279220314
-0.31393349562218287  0.08008561459341684
-0.6714060906460287  0.13597326710471264
0.5719332982547035  0.14810914831197047
0.7343757147358448  0.11446126423668973
-0.13569659370682785  0.017741690043988338
-0.3199573372959502  0.08248524242160292
0.03937493227901401  0.0015455816295224646
-0.4481008637492193  0.12825331994646616
-0.7762010100525732  0.0952026148023356
0.6823420478834314  0.13296959072356485
0.11053902012775663  0.011922097448798246
-0.12443029661075145  0.01500716997226669
-0.2508405862620896  0.05525200282839586
0.8169313091611826  0.07383737535841972
0.6199725162488711  0.1456767285973213
-0.23487562142768925  0.04924775049082364
-0.7759750004470934  0.09531519181401105
-0.2683216080493983  0.06200269088457194
0.9642912819721028  0.004574849135471681
-0.17061277083505122  0.027438747018655774
-0.08848347474322749  0.0077072085578492365
-0.3652945756511712  0.10020366260830113
-0.35263866606862815  0.09534918115607113
-0.40190763803985075  0.113560641164832
0.5029293098310628  0.1411650908592555
-0.2516040742089132  0.055543354382109236
-0.04159626741936351  0.0017242671167704122
0.20278189763187215  0.03780823775359709
-0.3330744762687038  0.08768922078598693
-0.9103631044065555  0.024301593622872986
0.5138059834941086  0.1430072217529209
0.36624193731178245  0.10056303323460711
-0.16483598296076496  0.025714444657929176
-0.27971735192616853  0.06647721835623915
0.9355388243026762  0.013624602769412464
0.3129339926445429  0.07968713122362482
0.6093759039043611  0.14675861455587247
-0.9256562789547905  0.017560853996232972
-0.38567299051639403  0.10778521049457765
0.0048765435850031125  2.3779546308654314E-5
-0.5878698120576797  0.14799974149839318
-0.6372265580123202  0.1432439434918274
0.2870195288298538  0.06936628516490911
-0.1159612840927422  0.01308780626788991
0.9035990859921569  0.02749570403061119
0.7400768188714743  0.11204190192138519
0.19066103543707924  0.033756784899679836
0.9822017462830761  0.0012007480762705747
-0.8423645481823091  0.05984930197460281
0.8861768215416514  0.03619653498252917
-0.5649453084719959  0.14794451025571567
-0.9572488209303945  0.006415609981261894
-0.8088201069976536  0.07823103224437444
0.5707180110691759  0.14808972935343767
-0.5230022974682593  0.14435800939551155
-0.9324809136327806  0.014803467108192025
0.5541771319154412  0.14744257712972628
0.6516166834237149  0.14057808114774
-0.48612928153743196  0.13782388492482048
0.9460156649466621  0.00987699496358796
0.3798313752294695  0.10564605524451304
-0.7027048913319777  0.12653196372456604
0.625115764134414  0.14503868889304966
0.0012790747315792883  1.6360268157664916E-6
0.8118160027167614  0.07661411283824249
-0.11860838533502327  0.013674918837894037
-0.547556443701647  0.1469872277139564
-0.4433073700753699  0.12686987301989486
-0.6325858609742062  0.14398019367785392
-0.5074750950672395  0.14196658996822148
0.10642661406600473  0.01107149247082799
-0.4997454629760828  0.1405772054943446
-0.8294898629803988  0.06695493420736176
-0.0571311190217304  0.0032426926012947364
0.39367134375080737  0.11066353383596084
-0.8835453253920232  0.037559834536529
0.9733894218041867  0.0026128077667689764
-0.24090617285499338  0.051494952999065834
0.9522861700345928  0.007868835510446703
-0.6756563964054375  0.1348442393182292
0.7762330530148644  0.09518664747627115
-0.4412836534367456  0.1262749944064639
-0.9913438796206372  2.920033013252832E-4
0.058539525479499255  0.0034034293279800436
-0.09299827466836108  0.00849972670941283
-0.8126950823158939  0.07613829312525588
-0.9206478026652316  0.01968794665329998
-0.855124531512142  0.05281953512311188
0.43126390551638594  0.12323873846968741
0.9791924926791072  0.001626119030547879
0.8351696773632286  0.06382283664812094
0.24287103754556494  0.05223280044881401
-0.11077726249171105  0.011972265467184679
0.9683965401194252  0.003629116467186777
0.6741556293009738  0.13524849172200654
-0.4588809629317645  0.1312276714137924
0.5757321687078747  0.14814466043111207
-0.12003194494615566  0.013995496780781248
0.6557611468706346  0.1397032503422806
-0.7895502744878898  0.08841869737074526
0.004075594913899527  1.6609922091100144E-5
-0.5755263256329004  0.1481437171588424
0.2453020515569202  0.05314936825430726
-0.6470363918285861  0.14148932234137102
0.2810119337677529  0.0669883440713013
0.35456209900414115  0.09609291928751444
-0.3536854311186671  0.09575418030632801
-0.07485744014725215  0.005541010823146045