0.16411259700230402  1.0087288856389396  1.0274556699137913  0.021080849319920922
1.7132751937382162  0.7320312252603272  1.7924349026492674  0.21537379718611047
0.466126617974397  0.4821835356111516  1.5778015975292203  -0.34943082638987344
1.4358092781374174  1.5837608988306398  1.2330653170117594  -0.5861303819995315
1.85601588433851  1.4879285511135325  1.3412401366363982  -0.8552819554896044
1.5169124995072383  1.1488492487890594  1.3424794385081384  -0.15097870772796076
1.2743510204381412  1.781942169257435  1.158797880229332  -0.5492743859497495
0.7882056932470614  1.0451511437393397  1.5237979968453246  0.01341236191817137
1.749251235052591  1.7895800269800581  1.251435362352677  -1.3735189873483977
0.343777287904202  1.8199820910990046  1.4048898881427476  0.8470031632660353
0.39197908114645  1.4001696311744063  1.091732499934427  0.6374079633759561
0.9831484029385522  1.2281495922886254  1.628580050780077  0.004822906857872313
0.1761553409686511  0.6973288763702536  1.8527576313231  -0.22182927828608454
1.9403875051059412  1.151759327921639  1.3051581117039746  -0.311848086834269
0.7439288651405851  0.4572708310723574  1.107266230646184  -0.3673958535998246
1.385267308925889  1.1414014425164656  1.5625737146415652  -0.07769881925627728
0.1407989435201617  1.0629477357211217  1.5807661193127802  0.06585961818154051
1.720662160535469  0.1054187138610549  1.1195002689028897  1.8639264623209417
1.969448570218407  1.493398512756717  1.0674857901879515  -1.5681019403286085
1.4824665262504428  1.3554535482673915  1.9640299419002618  -0.15658899543636504
0.7004230702888035  1.2336174988988928  1.5725253275403719  0.09130120318055379
1.1683124623903975  0.7765063285094675  1.2775753073824023  0.07828634987771807
0.6685400249200308  0.44541441508989305  1.1482123828329724  -0.44825678824631726
0.47966505937319764  1.4787050470518335  1.3841660980293975  0.40967890978546273
0.15956780089786887  0.3351142652989176  1.1278123834696945  -1.33931601421835
1.0651240606915775  0.9625220918319246  1.1174405991654335  0.006562973499813912
1.6492157525234938  1.2968027616348754  1.7332596042421202  -0.23042189672723837
0.11384557883521014  1.0521754205280003  1.9220570164112776  0.03797840298948396
2.049366873957516  0.7036870129720092  1.631617472353584  0.44071809594567574
1.1860607350148589  1.9925525915642106  1.7869403295291393  -0.1968517862510227
1.254507913851294  1.924767510761716  1.5517992529184452  -0.33527392709525106
2.0080984388429073  0.9385905160954082  1.7418018040501941  0.07659705045606316
1.5304967975137649  1.6754281153481747  1.7410688591932557  -0.41869070895537747
1.0337611230958161  0.27427542649795694  1.8359172134903063  0.024321674743281566
0.670413493263488  0.7410097655133712  1.8605010321385278  -0.07929610225533736
0.2202402930270419  1.8691777140847388  1.9125485012360726  0.5683783513240742
1.3367850508337535  0.6704529759964002  1.9885457972649712  0.09719438354156915
0.42913879835699115  1.5078579106061696  1.9500842486788494  0.23896606752084298
1.750725153791995  0.6074476571978127  1.1488704941362637  0.8119735283936554
1.291976588668844  0.7119519925486382  1.5715291383610062  0.11731936308253418
0.667497034854984  0.05022157449227889  1.2076266579665096  -0.6961062902008534
0.3314386958082702  0.3229156929898966  1.5400874996898364  -0.5921784408914876
0.3419629278838449  1.2054062393710694  1.929216951943502  0.11280653010530585
0.06746678603507945  1.2381652995163035  1.6260780757569422  0.2537004482301814
1.5398378774101733  1.5798500215850673  1.3496515063098316  -0.6093661317417252
1.130241837911939  1.213835700184858  1.3182369541206307  -0.05420673394658902
0.35138844887766946  1.5465713371472487  1.6619411922685923  0.39907696415704014
1.8255444122311832  0.6889818841317257  1.082677056720246  0.803878988022112
1.0292198981681633  0.4932760419969379  1.32606151420044  0.02815878022954118
1.833552290011941  1.080409595385016  1.5705776271107572  -0.09981825689548257
1.873347457079937  0.6362659401866972  1.7623401601011046  0.37757316201152125
1.8577314814252384  0.2823337620836827  1.619390181242191  0.8648617630738976
0.553363152790656  0.13765726744293366  1.4853103658670634  -0.5544266113447965
1.070239824976876  1.4248642628746093  1.5634180941682851  -0.04101708706436091
0.5739531677510179  0.4343742123532976  1.9368845577406248  -0.20444228679821652
0.5245799587163991  0.9502999294925532  1.2026229704257054  -0.05172473619536456
0.8973107741646547  1.9643980726440815  1.213025851890873  0.22181588245154074
1.6317527134956213  1.3130160065155767  1.4111294997657677  -0.35601366655850175
1.2313883557123968  1.2065033578503037  1.8049317525669597  -0.05018078678119583
1.0357625149948035  1.060244703688455  1.389959335742907  -0.003732077356915226
2.0299583837656203  0.23771513168386255  1.9302319632373641  0.793192566870336
0.39715669453968466  0.5764165098157499  1.775972884470038  -0.2529252674813552
1.83886974900549  1.1177390419664677  1.8760955258885033  -0.10315162665605364
0.7247252256098375  0.6483406059812944  1.4579011710759218  -0.14730820572776873
1.928710237458269  0.24766793434328566  1.4568256816265566  1.2236379666711907
0.9171948839842066  0.4139984596957113  1.9709083184832967  -0.04125953616283631
1.9995832803720153  1.4936162912277113  1.474001236352132  -0.851572088220571
0.4266060767274393  0.7819913881322971  1.646655258414543  -0.14446967312929904
0.6073921333846137  1.0430965727167751  1.306134383581635  0.031678241847095154
0.6772054365499163  1.545870305229568  1.3927843790052603  0.2922961179648744
0.47766545348312367  0.5576930344171733  1.1239127170901695  -0.5762158204667834
0.7185136697988785  1.0680625414976974  1.6236825612629389  0.023489130663203052
0.33356603752303043  0.7409236973438107  1.9812634452931566  -0.13650712642983523
1.1153744783243962  0.37854906185753084  1.7260021697717547  0.08126734112859502
1.7165710837501253  1.6523787952840963  1.2547257207211135  -1.0754064051045962
0.24415041618773764  1.0367166672752823  1.7335452814955445  0.02839778133554468
0.6249068254576475  0.32179455339402846  1.75507581185717  -0.2642739372304046
1.841941054933422  1.260061910809101  1.0256930421818304  -0.7653463815345559
1.8959329083545837  0.959437493286299  1.805079854546121  0.04128817275218691
0.12015641331303835  0.15604094786192063  1.7236574693145705  -0.7589201829046589
1.030317616083582  0.4880430170935747  1.7330284957873243  0.017284678355285958
1.1866133623334982  1.8349870825841652  1.614644660488474  -0.20344499273264363
1.6702852189327233  0.5588480191813272  1.4688490194726365  0.49361083545094403
1.5094396799208836  0.570546265629384  1.4138651593715212  0.3867034708257382
1.9299756326928987  1.6384888190656606  1.2217238846610807  -1.4788534731063612
1.195594369441581  0.7536452517569343  1.709655313539237  0.05617219269733384
1.117788445080675  1.2994723867439117  1.8670282180594833  -0.03417888183510323
0.8471495544104626  0.307006753017067  1.212352361354089  -0.2362124993110735
1.6295159055804338  1.3055853762884122  1.555915889501323  -0.28479851617167923
0.5062570185461388  0.546294288885117  1.8306919340532222  -0.21121678593541346
0.6243575473500065  0.4022470024004858  1.8910424084281356  -0.2009158093644151
0.9178406211409471  0.6539994056882417  1.4711895964950101  -0.04338392469578399
0.8770761730359227  0.5039542819709817  1.5728445593888556  -0.08105379895858177
1.1466488680162517  1.3423189588313926  1.340171996020476  -0.09471137806197846
1.438362734165721  0.9763778219258605  1.8267608218204314  0.01087313097043294
2.0077654790079933  1.6968947459153179  1.4219119531239606  -1.3038700005363801
1.5979414946283674  0.35535732068696374  1.8651552608487554  0.3956246307961853
1.2386466899047694  1.2960498182656364  1.9098854970784362  -0.06632169433806949
1.4533363385168634  0.7012857716124639  1.6390079068094834  0.17694528149190672
1.694124096953638  0.5779393895936109  1.8348337898538434  0.3143071799315735
1.1200432097843154  1.0836734310588645  1.7922911393529901  -0.010563758490724471
0.8277233910462836  1.0749845489222494  1.3195180773614628  0.02426674466387228
1.4108861376567992  0.8118153965452273  1.9731201553147026  0.06936995400374997
0.4834903596468442  1.9514623103320912  1.6053779595246473  0.6011169743848732
0.45458243589522723  1.0144626346706889  1.9851307471645214  0.0062910715795504646
0.618928041018461  0.572826913255239  1.7534316929671547  -0.1693175434149173
0.16327975375535314  0.2214834460979908  1.0131055658605037  -1.9355734714165727
1.474524050670327  1.317126998608067  1.1865170916913268  -0.3761370120141657
1.2995628565255621  1.5672153427902769  1.7397753638306175  -0.19356630525549262
1.2678228700978698  0.1288976836161741  1.6813048975173928  0.2835453897475113
0.894931416409668  1.1283119306490086  1.3252203914280642  0.025293080771052433
1.4954703644620388  1.4395427452913334  1.158495574533161  -0.5724018083857713
1.3500354528716647  1.394400810688208  1.2637732787641314  -0.2997908841291697
0.056759576576521156  1.9671141758366255  1.4834294823187961  1.2507187357530603
1.2742879910870994  1.7700539775620519  1.2112859239665235  -0.4949427886782159
0.7548367140230374  1.900438655442125  1.2553201999299577  0.4545767282965403
1.2273708848033593  0.7999439355318254  1.2117012985426254  0.10594657269297958
0.28101961937251957  0.3118745420696953  1.2129062642241955  -1.038079790387969
1.3923757809417099  1.1303876418461576  1.897825327171771  -0.049506714279039854
1.9440294637022186  1.979994286410375  1.8520790461122594  -1.0043693285141901
0.8808923723020328  0.3607756840576603  1.326906418562343  -0.14225946965991126
0.4759826632449053  0.6948234414227041  1.274677582760597  -0.3100253511036191
2.041536471271403  1.3449177106034056  1.0951088657573165  -1.1291910088803767
1.9436224139128198  1.5268123450158022  1.2579669745513045  -1.1697610444810012
0.6687178590775638  1.2786175513555367  1.29234345124545  0.1776767231795488
1.7356281028295086  0.3356173189113065  1.3452794817685776  0.9803089792769862
0.39764556364265075  0.315591728853366  1.0744534155862997  -1.1156698670683618
1.8103205665064348  1.2514082148998522  1.1569677144464556  -0.5575042702537983
0.49067412313668196  1.4051767379000983  1.0858271479926342  0.5521923399706727
1.8043163201261503  0.16144742256129602  1.5573922629664085  1.0178814976304942
0.49137227360152463  1.6144014939922924  1.432630096601755  0.48038292577101316
1.5595720777512871  0.9659833430109073  1.1914622948343523  0.04765888186068799
1.3246631753424127  0.11244302939428348  1.2336504514350575  0.6547566775685307
0.367935004674325  1.0242193784732114  1.8297126491956384  0.014241666198669966
1.9888054862622218  1.1420076203998115  1.138991266007097  -0.40532716196548935
1.4091733374205273  1.693638077497954  1.9936034832349572  -0.24937274342213542
1.3088754549792023  1.2207961566716592  1.3614027612757362  -0.12701263752786587
1.027138549605  1.9809290283001293  1.235367029745184  -0.05832066939573686
0.749036663370934  0.20418972273213626  1.2939367754533344  -0.38683699912209035
0.6121016117892675  1.2830726434859607  1.9351171823648168  0.09370315453905632
1.1157606236600452  0.051145862829766034  1.3519555474809541  0.20292543806060462
1.8045476602604276  1.1219143889987218  1.4710295581060069  -0.16592516940671656
0.386054951079336  0.6787905712151829  1.2665963230491197  -0.3835844206171446
0.7822007084817675  1.1902128825338585  1.4882611147294451  0.06087404031251775
0.7796823145575091  0.3333434625152824  1.2379650487119007  -0.3118244073571303
1.7194174481662554  1.3633052560719592  1.8141053763009785  -0.28773188467649635
1.6345763815579741  1.7680888473432366  1.5251129884636607  -0.7514924820703163
0.7042361719865404  0.4260905074390579  1.368992060825341  -0.292295938637252
0.3686984301424762  1.1816199761914823  1.6798748206054799  0.1265560512905611
1.9574232860534402  0.8641306386780565  1.436783196094193  0.2350547773711454
1.704194536666001  1.4662996684271172  1.5246707794967396  -0.5108204781933156
2.020226408174245  1.32069648911471  1.5679627429299077  -0.5003224304903092
1.9319247500702557  1.6388203211613923  1.5102832365189354  -0.9704967365372921
0.46985379450120973  0.2851878153521636  1.583458091317121  -0.47576900805681743
1.003505361449008  1.319168073070958  1.4764169117968704  -0.0017115206938186202
1.8968470398806205  0.7154173530383234  1.9657902193946835  0.24452297521883215
2.007455281051961  0.3947189087586959  1.361674927819768  1.2344462439366135
0.45564094811800787  0.9759136501644992  1.9119695361573898  -0.01127376527016334
1.6256242176797082  0.3123874218306794  1.6846871577843041  0.5429847636401405
1.8040967598800572  1.472055652299652  1.47610764544915  -0.6376610458904751
0.6418272968386307  1.1997188268132755  1.8368965435157123  0.06796296163356505
0.11129851840197787  1.3571433650474876  1.2492960659983785  0.6169496663993601
0.8087802431030666  0.7978379956948758  1.410450547227752  -0.0634256130769706
0.8733033167236508  0.7743246627250115  1.5632317621699496  -0.03846008521908411
0.3505362233260633  0.22375082315674705  1.0303911912752441  -1.4762839096203066
1.2779796763519193  1.2617794726153988  1.1187922679491327  -0.1999649510867107
1.2204365044986816  0.2514089566525343  1.8956474885940622  0.15691386265009322
1.952938340971876  1.5980997310168095  1.5408485417993207  -0.8949575378833711
0.7401201462486979  0.15120449674090136  1.4630881574493073  -0.3338493973682442
0.1715067328589192  1.8020355983740939  1.658750016767386  0.7371486219788713
0.3606520805349666  1.3534309844261494  1.2661033350641493  0.4387096323944357
0.4436015804790416  1.939598709054186  1.273940088088231  1.011247120052514
1.6158494226567184  1.1562406299569894  1.65497743636011  -0.12570326293845646
0.2503644404102991  1.4510611569623584  1.971010352372727  0.2678185602079819
1.6401669609068796  1.3925133713248343  1.5199568267305439  -0.39030926328745275
0.2689246210615088  0.9160537318251905  1.7782458236895304  -0.059832944463828766
1.3150728576992439  1.0688473297224004  1.6267813646056102  -0.02831358031267248
1.4582914497383992  1.4583915058406276  1.5135484854322556  -0.32207880511924
1.7609559584910242  0.31584438801732556  1.7040511314734508  0.65282022697335
1.927035197406277  1.6913290741234603  1.7398716382471189  -0.7867465073863286
1.7347874797145078  2.020520678796228  1.5957687759792973  -1.0688354768595993
1.5722428730038365  1.46281092756555  1.882399137345239  -0.26605401060106143
0.911764207858369  0.883779800432112  1.6824927273243033  -0.011958086292352309
0.4676139603115685  0.32932797839946487  1.1622307690210634  -0.8319011855609352
1.0630136622205453  0.6494634256556477  1.0106392853242747  0.07259485923174384
0.19313894457815034  1.2228550484722533  1.215985020431578  0.3720111984913172
1.9884020312814217  0.3338099126358522  1.6095913108613564  0.9517056874124376
0.45246620930810505  1.1409247197512458  1.188320485713883  0.1716963207422659
1.5770752542229198  1.5487136793539664  1.856538795501402  -0.3272114670754984
2.035955097263784  0.7543203622414048  1.498856566049671  0.42675390116494577
0.5583423036616368  0.718760819852009  1.333651623689791  -0.22189618394663616
0.4829211475517083  0.8655462735546866  1.643409197323324  -0.08114388191496016
1.0378964304034102  1.0566291346711796  1.8536496568630023  -0.0020907120173705943
1.6073487269647087  0.8457896033158927  1.242046191546375  0.2170193016639373
0.611429953863097  0.6563517526427793  1.478595905065823  -0.1951669422558
1.715262665360272  0.11642028360956287  1.9965287207896163  0.5741200065216944
0.18794677988671887  0.7176689599766326  1.771432015436118  -0.22338576841022256
0.10315949915421015  0.9173212875337082  1.3736857295961786  -0.1191129080308385
0.27327780232855464  0.6119955703403561  1.8771536926373544  -0.24680854280109224
0.9357855892634432  0.9188957989854325  1.2487366108664344  -0.011054147293859045
1.651477950972554  0.7824307844118514  1.5854754978338388  0.20262347274105466
1.4147603055476  1.494093143519524  1.6862313491357919  -0.251849170398373
0.605189249061729  1.0339952880083298  1.362363279244057  0.023091654729914948
1.2299627847784103  1.8841345985136484  1.7219342440710395  -0.23456469065874694
1.1392136222105502  1.9694159806068334  1.615053272590195  -0.1751730099221796
1.5023761012696586  0.1859301035487106  1.8555847515175654  0.41932699870345846
1.3742139780972107  1.670054953459374  1.663387021904271  -0.31518561248238697
0.055597867239010904  1.585860306612039  1.844096197237241  0.4908247633686488
0.2756683526028802  0.37701214752555895  1.0968533713279656  -1.1571279477452512
0.07512951043965961  0.9952869338804797  1.872595698329707  -0.0037574466107857026
0.24920795365572518  1.2162893914418111  1.2971503679741658  0.2969310375529902
1.6177300262362955  2.045744721021018  1.8050868532210436  -0.7095578297079429
1.5957876347409339  1.9126966995451207  1.8739949489195038  -0.5527202425071175
1.5117113177718602  1.0203973660557624  1.7088756509006866  -0.012632209000502338
0.2635349798093191  1.0846817380355067  1.8990728368681635  0.05328176343301286
1.8434479696933948  1.8833999808188595  1.3918109387803241  -1.4147178576693429
0.29861655535351245  0.8974823255074074  1.0093199840941098  -0.21826499851030065
1.262216606761642  0.17694174885909003  1.1765475917844626  0.5352932264272374
0.5823127279607125  1.52220503813606  1.394166008702241  0.3574705831467258
1.9676597797378357  0.6498368853969303  1.402264109130791  0.6435949227017015
0.199220063436422  0.6071393546966577  1.1680835472642053  -0.7057721424930617
0.5908251954606842  0.4307257425054402  1.235503059820287  -0.48653321717299813
1.6218718518084605  0.5745878565398483  1.7740325788559583  0.30099678438794836
0.7662570179430843  0.1386396595876777  1.7851210780308948  -0.20527287682652662
0.9860937780332377  1.427746434455062  1.5575489506457694  0.008160567575415794
0.45064879816772957  1.21550339233041  1.451931574181994  0.17642465604476937
1.3913618924689264  0.4599717561866136  1.0158071948908025  0.7137715672982625
1.8110018015604843  1.0569980416279436  1.0548181281547762  -0.1522008445504173
0.3698198503909477  1.0316367340452233  1.0596266251409874  0.05531430771815069
0.526204756820196  1.2042186912073194  1.918334359920519  0.0832596985296641
1.5612038257897893  1.8024712676416839  1.8558384506507049  -0.46484753774061044
0.7708555103086356  0.3391290173286145  1.5916580131778222  -0.19430608027606225
1.9997373604012378  0.5208216943678614  1.947578407508309  0.4735983469191767
2.035619816046098  1.4085799316461256  1.707928268343076  -0.5463958617433837
1.2103548891063869  1.872915668568242  1.7139190467697063  -0.2133507645395361
0.7473599275363079  1.5975097362672186  1.152284644540633  0.3686237059303754
0.1289136081557744  0.8384907956523653  1.2389417124392401  -0.2785563472575511
0.7538053994012035  0.7010221607554874  1.8552921510635683  -0.06938268996765233
1.4641161795175375  0.4938151560664192  1.0531283332681314  0.7444679592010182
0.9070702182789963  0.7327357566617319  1.287946282465605  -0.049398947288994466
0.9237171963598767  0.9152011734429755  1.304211209623577  -0.01256995917024146
1.8994887312951472  0.28475354286647175  1.930302464771607  0.6394543351082709
1.3064798839819964  0.5878606498278742  1.8558602251878908  0.12655552791623795
1.2619318292827346  0.5607068176015237  1.3962854077787075  0.2026283307535722
2.0428095645421163  0.9948862201858244  1.824447859116685  0.006040120749107696
1.0231228497940668  0.38172200167066234  1.5038507137481798  0.021125727355755436
1.7357783201606856  1.4840320993281613  1.698366652352345  -0.4482058694508482
0.34888235426329633  0.4662356950737389  1.816964331593923  -0.32723506453273565
0.6513880652235347  1.3768282807375114  1.5708685356841348  0.17083630932346308
0.8393407588753596  0.4649792754261232  1.1915305417535564  -0.19827158800621472
0.129662517453126  2.0426555884173334  1.1141544598071964  2.2219127923030153
0.7728511682130765  1.5550640799292632  1.722255460158854  0.13820132905387963
1.390028172667256  0.4132561718853504  1.7656017591162916  0.2557870345035294
1.0667583865123726  1.7310597002713992  1.5054272813599665  -0.07231881245235845
1.195203939506095  1.4205150038927512  1.5508322100212653  -0.11629000859704733
0.10271957810175221  0.551661404650607  1.5507959092880985  -0.5070262033693302
1.9834891290401389  2.018243766911528  1.9751785375571909  -0.9606041913315464
0.7695725347641091  1.1896329923439657  1.4443386001792362  0.06807843216985743
1.2021782187364045  1.8693900675864545  1.245509954389536  -0.38636762561657023
1.4476951354562695  0.7780726578872346  1.3860261729949608  0.18142135472288012
1.1533617904343532  0.17210146516204267  1.586959178556385  0.17096442934083284
0.4395397853377671  0.7418284263886701  1.6091997318022258  -0.1753378850911775
0.3323558706193536  0.3461579916844683  1.7706143593455193  -0.4320862933718565
1.191944416957898  1.9494719944094774  1.990402792549678  -0.15668120654274412
1.2894544045900234  1.9464681625080857  1.9235809723290505  -0.25500055377740655
0.11356417357737754  1.9252715840022485  1.6431823880584568  0.9217783111915718
1.9248901521151198  1.909861142835615  1.8349877203982627  -0.9284783140023766
0.8282192109752844  0.234969062098014  1.1722956836622127  -0.31278567011121566
0.938326139109938  1.4288267256637228  1.9616431203257154  0.0227538981164302
0.19126026931287438  1.6230125562792626  1.9648817008336654  0.3991542946546301
1.157658104160234  1.8909097100444674  1.1643987831605507  -0.35147987063535674
1.6066012336301168  0.05760693022704717  1.7845505302982765  0.6415951487737606
1.5833956717538626  0.5911820840375517  1.4382292658656528  0.41098050628390587
1.298500959014736  1.9651672496690271  1.088200510655938  -0.8387984803040316
1.2766761507451017  1.6398533351331612  1.9310999534644988  -0.16326079806125243
0.8023821151124915  1.4453791588139986  1.932017619358176  0.07690947802015757
1.4195655130556053  1.6261556519733005  1.852500071533586  -0.2676563779418097
0.5370981702523294  0.8962327666604153  1.3039865105949229  -0.0895570661143075
0.8704778174404344  0.29792094965314003  1.2538238744160604  -0.19007732196007604
0.8074846308290726  1.3954861391611115  1.8999181378818946  0.0688357083725773
1.866320807310446  0.564766994595578  1.4994712220914872  0.6185267873310769
1.7674065730601956  0.43767898949288647  1.1361718596555044  1.2181656667745497
0.8836060941628896  0.4787949798327504  1.7476199584246892  -0.06536466098805561
0.9627232775897503  0.6769399699288401  1.9057396677763232  -0.011007215650672158
0.41677485260925534  0.09368764056929764  1.2092254753741627  -1.131642191398155
1.189779867080921  1.544559309878169  1.7791112062229242  -0.11117922177573988
1.0731392038782517  1.0108498630883294  1.967189389544458  -6.891355153646955E-4
1.0735915903717868  0.7720187120171578  1.0244231703965245  0.0537295381296455
0.08615030225706084  0.40576862576455425  1.907189432001695  -0.4517743936591799
0.42245123763592524  1.6365232948589423  1.6730088839403061  0.4114085834161859
0.43443318980617834  0.9613526779670658  1.8578847300295631  -0.01985986701778806
0.8901552756508646  1.244961014887015  1.5399230221641202  0.037367017251072276
1.201700935294459  0.646158789186325  1.4597394981835823  0.1142057947059152
1.5175483353398442  1.3777558492539137  1.480771565043743  -0.3153449225008644
0.757032328466883  2.0488867132350714  1.0052983347995479  0.8184590778910894
1.4820200113215432  1.726682912892689  1.5357934872718686  -0.5230329062776841
1.5670934764982933  0.05734590084769038  1.5242830361938982  0.8185020048382616
1.9135962425077695  1.0870068073060857  1.9923175981446903  -0.07429442533693392
0.918960927574735  1.2475270643587306  1.557371389556963  0.02732237696773907
0.4022339985078513  0.9171887712168403  1.7532740001839713  -0.050335217734751796
