-5.0  -5.0  -5.0  -5.0  -5.736666666666667
45.02504101482001  -47.32600268276156  -6.616389347952156  45.96771543583834  -7.281514932227397
-41.62462376126948  -25.898526836275348  -43.36233941045731  -33.9679129064905  -5.363104309782305
-31.66746959160369  -12.954440949541663  22.69106288151626  48.597220025676876  -3.5919904644959315
-14.256046242204778  -45.79579384130456  -38.80938720379337  15.89493237175792  -8.229117361952285
-49.545103633466  32.088906974504624  6.929091343300653  37.885654374586466  -2.9387583238999864
36.817381757878756  -41.56834434034645  42.64286629890972  25.178091412732627  -5.13919435995962
-40.29090448750364  23.096104609384945  -15.489382173868  -18.777980517111324  -7.460285634077742
-25.419672344589905  36.801918331440454  -15.014489122047308  23.140518638836273  -4.563314909861107
10.28843384839363  -25.318800634294035  -0.1733538244077737  -11.881802326051643  -4.264792034381026
48.1652432085029  43.45979424344196  -8.21788282062148  -45.221456370094096  -3.3388118659872625
-4.708956593259406  -29.650071309937726  2.347833996953624  12.249099856667616  -4.791794741870865
-39.3988607306625  19.901438654143107  -6.656597454432039  -42.863070598977885  -6.639978819371218
-0.8239300352154255  -0.08153042187271087  39.86188261958676  -18.012579161139623  -9.099692984699491
-43.80772656771047  -41.713523660997026  -37.83294851979002  30.157248516059397  -5.161317613550489
-46.88603519572672  44.9231249226761  -44.164207099335606  24.08798074768065  -5.09898371914038
36.60601555669906  -39.5027802401709  -35.06029369284897  48.43905000035497  -7.854040085205355
-39.76279328015879  20.975775837662937  45.05776777797126  -48.38438456949963  -8.258691004299921
30.30759776225279  23.162860961346986  -45.519620562249166  -6.883648897171329  13.380491108000069
8.51747871015857  -45.63901333605385  27.74857940276484  -37.009851893611675  -6.31313673160521
-16.994852728459552  45.120144906795126  -19.499554423404337  -12.876693320514837  -4.6478292040395885
18.522234289212914  -17.59975196281573  48.37081425782137  -20.321585849199312  -7.878667987569301
39.80751757036304  -49.48501274627138  31.19457185278024  45.189057592453864  -5.760890689574809
45.373958331795464  -30.252231072478313  -31.846021877646113  -22.381312083191773  0.12668317090947934
24.78487636009848  41.96556427298594  37.08829234472004  19.28233703932598  -4.183472192921087
-13.937068335709817  46.751260228567126  38.6373792932265  3.502365262617685  25.333257936509707
-36.785319681399336  29.70152452966307  31.79714360522798  -34.168638419036235  -8.646834496884912
1.9870857095413086  17.04057722403471  43.098708521585586  -24.71055618987445  -8.081838909988734
32.473356327715265  -16.98960967806153  -21.15590694627264  36.696205383393625  -7.817623979476822
2.05980889723969  -25.296194387344396  -16.131918247511084  -6.713380807159464  -1.9007827645435373
-42.20607044413747  24.12180284004708  -19.433177747034524  -42.76110452735589  -6.258302487291493
-48.763924290147905  -37.982895506548  43.726271727296066  -26.53965019816441  -11.190215849332224
47.87535527025585  -32.44992727699515  -38.795395727340264  -17.366087211357378  2.5659021456060342
41.687196078541206  24.673826382504732  42.66039918718409  46.56361837897557  -5.357275141984848
28.58195637316993  10.309859392030319  -9.698031428467186  -1.5532421997623724  41.82375107115392
-38.47162011346533  24.492880213708766  26.736512277168632  41.88489357694639  -2.8443557883594655
-42.551458975192936  15.854318775245806  36.75791554210695  24.701137030054383  -0.12332057001695151
6.16081186249674  3.6029029923082936  -34.95019172744336  -28.749799579954537  -3.0672824296536847
15.476449694263872  -4.203224266555883  -5.1192697922674  -34.45478842916426  -4.439440541042883
46.69940448382947  -23.70672941659447  -5.074207482435633  14.154546257928708  -11.577569876500409
29.914561895346097  -25.955213560284317  32.41652769326595  -43.384391997291566  -5.526717197904045
9.811704589372649  -17.71077607649467  17.378013357591943  -32.28012819272634  -5.820607012855883
41.32706490722222  31.124338192022737  24.489599221638343  24.36383178607472  -6.453129893284558
-1.3837125344423273  28.211946064665778  -18.27401813019772  -48.81887525069733  -4.825566495496021
-46.55114990079475  -39.364906912688475  3.133132279038481  -4.421397869791605  -27.053156221271983
-1.0537512085252831  33.52850646872367  19.266928104582437  -48.44013703022088  -6.07184595529792
-4.111429935747718  32.09853619217394  8.75320336323534  -16.52299626585566  -6.489660462878672
-29.77319839268087  47.8564873033986  -3.9041670404665108  -42.015690137252626  -6.371363729934576
-10.849184090020502  31.316057801294818  -43.03652128935935  28.263680542423064  -7.206047869355088
27.57769590166697  -39.5780651755714  -22.735382576540413  -39.22383934295988  -3.3569132609801837
0.3442905880930769  20.629084095571283  48.0636844398119  46.90924208907219  -3.733145772752622
7.3139148222722214  49.59194126162693  -41.370777317772294  23.74522996880292  -8.615153707514228
48.8938391206894  17.109478611182166  10.955703633612702  -48.56962723750871  -4.122343611752578
20.357611357548976  39.12347932348872  -39.39570276036828  -44.45533994221492  -3.1822695331008517
-49.168444534718375  23.878542984018075  42.64943652060941  -30.70519666827327  -10.2527961969398
-31.850982072487017  40.18136596040861  -42.498454967983065  -18.341490080196003  -4.26674093349143
38.77396397604732  -27.87137044288059  -37.05155044870238  -27.65166744198922  -0.9906632747773019
-42.25377409708695  27.565970164138008  -18.076427738564792  32.89052067043799  -4.167739839695963
-15.890480191278055  -0.06706600246961791  -42.20230967275918  7.667507193747158  -11.016812419596807
18.271539997677483  -17.041860580075017  6.7109104782737905  35.50274812583146  -5.963939835583355
-30.936303254838553  15.384696698317763  38.55112981325162  -12.207456434572379  -14.53865833508283
3.880712742148007  2.433801190419793  11.182302878586054  -10.215364940568344  -6.539356658000503
47.212631911321715  20.822072590435337  -4.648048303231378  17.037776078280142  -10.264486926353731
-13.25483217609255  14.493908737267237  28.606116365048038  42.32227300368919  -3.781253770904312
4.031134182489737  15.964489074896266  -16.912895555178658  4.5441307499470565  -11.675298958070803
14.106466069507906  -25.45082343521077  4.3077307962089755  16.046942419162374  -6.5687943091237235
48.624897045747694  43.20005242114355  25.36201352841225  14.534244304984579  -7.69022144963174
-17.148766213675508  -26.253980044782615  42.25369481622123  -30.48091270612428  -8.639261928219245
12.812125760823534  -2.6144544167730546  19.737262043335445  -40.1784910822346  -5.694165438938344
5.058838840969187  4.263331668606352  42.28391197686355  12.795015938095961  -0.6155406665596423
-22.946995371089063  21.150106361137837  12.161338183590642  47.91742421496013  -4.198237394180161
20.158302937121835  -40.133828366163534  9.637933311555619  -33.04641728417926  -4.950051842988436
27.08487603999057  18.032319728569966  -0.7858904130048472  17.43231326094626  -7.924451171177932
-1.8367094745576407  36.063110364182364  -14.966849019724215  -41.556705324510055  -4.859828637818512
-47.8476083122037  20.30012730114254  -19.73467345373498  -25.64050220958126  -7.150396842866058
-13.00957483787824  -27.599379108863825  10.328040968039598  12.170118243603312  -2.5822514265531193
48.44269341167385  8.423943608529811  -0.5843791113232522  18.44083616045834  -9.711943220167017
-45.25922387502739  6.5652172771729465  -47.76288598715089  44.093579983484645  -5.497226375940236
49.31876553366934  -3.1203856737864797  -9.563329585320574  -45.17538644912625  -3.28359273466454
18.044608421231533  -39.094058839934355  15.677944838550657  -32.379732288125744  -5.351521261632065
24.584870590694162  19.541286976772366  -48.25682979441482  -43.85376190835673  -2.6804145024917405
-21.93296319641033  -15.582260123014347  -25.140358285234583  -25.380011867162043  -5.243099080305213
-27.5460881705524  -43.75558695029543  -17.84263566182669  43.747863998000255  -5.085061832490718
-5.305074308721602  15.845853438748891  33.641142350819734  4.137791769890531  11.475111372975189
-9.381807306373247  -21.876932374327566  2.4771406881709144  5.431965629621116  -3.05515114735082
9.676932747599276  -4.782640596278282  10.190403527562703  -8.213569390085546  -5.627899773134534
-11.391028537043796  13.11530527387207  44.429970000397056  44.420392667022256  -3.3466110798928197
9.579484142772177  40.254361173208736  39.631813160321315  28.868403563740173  -3.630788160907125
40.5329896197426  1.5278918039903222  -5.720664608680892  31.72943148334439  -7.788516744578799
7.917511496044649  -44.12842437907296  -9.676950967720217  -9.942701450753372  -3.2487722154039047
7.789124029705031  -45.17403287938892  20.42594889389254  44.72865507060077  -4.985427647397853
48.61678097640102  -9.893530936048995  -14.771625410954497  -49.75073066344714  -3.3354658624624687
-25.657981044086625  -36.884058343346396  -21.36122854461451  42.09875063976482  -5.277287898986527
-42.0502253466775  -40.95921141963322  -21.95532236805971  -1.4938774682380973  -57.35836672901516
22.768663265039212  4.855901185833044  20.63786215323762  33.4080701551936  -5.507069408693195
-9.750276253967682  34.66776932113337  45.33233673760496  12.23580268106127  2.321082543095862
41.96720911827656  29.001696512645903  -7.582304471340051  -33.369850754047334  -2.9421915339862528
7.962519035337862  -19.72157248175777  44.640876948530945  -40.56986027156682  -6.906233169181786
11.507066865478894  26.365464427620477  -9.879532458592188  -23.139022702729633  -3.8199360254224666
-22.029414169451055  22.723492637672038  46.21751670981379  14.463967283297857  2.4741454280491535
14.278478762848252  -15.28996399094311  -5.557501122254832  1.7254679689047314  -32.57497515314495
7.921438655631496  30.939338673103205  -9.97354373133042  -4.1426702709800365  4.590058401185045
15.867671265355781  -28.374759121006683  -48.82931837685498  3.6946683413360493  -37.40627381164735
-13.622837992424586  38.34522381124303  -6.922434770369662  -30.54348399052148  -5.701173571379795
-41.07678903111675  21.96855313843338  -31.904315601261086  39.53316638650413  -5.008075483073917
-21.852393412574063  -35.17820957459516  8.451062627006944  30.179322795321266  -3.8330339626856382
19.19749529084459  -39.08819457985204  -35.99808682580098  0.3927452714663493  -648.8581160889804
19.73477781533251  -34.25472788896305  20.56931465767886  -18.996479397867343  -5.636796090484453
38.55915561547062  -0.6470656108010064  -17.026456558262826  -3.1925874213755367  22.924006676913276
8.66997394816571  -21.47887361145122  -5.493210098356344  -14.915322048101126  -4.0167272395017735
-39.81695042903517  29.880634476546565  27.251568550444127  17.33288913952402  1.0725312209509354
4.5677752610864655  -31.483670794846642  45.335907788330545  34.586681815728596  -3.527739236579097
18.162795366062777  -48.331879367624786  -21.633858038807652  43.41788323548302  -6.948983204182792
-40.76902395213813  -10.016021276501125  -1.6512109745512704  49.930370021441455  -4.136931494246467
-46.595367619377065  -10.940387240980781  -3.2865418270371984  -3.543546731633457  -26.79550068428628
-41.96827281744894  -42.304719098236525  -12.878514243123995  44.21404697926864  -4.370726837169205
-3.9441708922788754  -28.18378796725294  -43.4658329764028  23.79916616072118  -8.203639781992251
-41.04394076714377  -5.586338088341641  -34.1910340622022  22.782707505169064  -4.936281662956304
-12.281577844662367  -36.147616928954776  -48.47792307678233  2.867644401633279  -33.2061277886239
-13.307628104496889  5.582962525092855  -40.19628738926329  6.594611351637786  -11.860019570425262
-32.35801708615297  -40.42980178177804  -45.04165197537831  -26.973107838696137  -4.7327175783073905
15.876472382954148  11.936774094156306  -16.756185855763427  46.02293884215684  -6.5589135431214665
-22.846699116129994  47.280047946620776  11.59388389467324  35.18375171959342  -3.7487834324310096
27.879620340065703  -29.348983604829098  19.791868471246815  -11.039579216447798  -4.606732132916795
8.479633010668962  38.97507150782816  -41.12414598607078  -10.28164535534486  3.072207759604936
9.417008828053607  36.91507050744154  14.255078311578922  22.03515893501415  -4.92720468390086
33.99665774110442  -9.561641519703512  40.01870448501506  7.389561417979379  -4.364934455873037
0.636522877434792  12.39686565282107  -7.95409357684827  -32.80589684212163  -4.963478055787402
-19.520349018944643  -49.46597079532703  31.505787757785043  -24.409108839670075  -8.960014940991071
44.181644287833734  14.957768876204097  2.120019045236543  -45.34265699004214  -3.8829729584257695
9.22485620565569  -1.5562599424185752  -14.328154039423262  17.46708332200491  -7.620754976932943
34.439350261837056  -45.274871321801285  -2.521714368838585  1.2112193955763018  -105.65860238248969
-28.60522907222981  -18.822953986931303  -0.7129843789351109  49.1618745037228  -4.496040400462117
10.497061642462352  46.52657083971428  12.649299561411286  39.76740765129482  -5.273549850980174
-37.30081893106001  22.457160237614016  9.329764410897301  43.904027794135075  -3.656203155036035
-49.16388596760496  21.16348317251041  -49.58280045464956  41.98943217075853  -5.406689536383801
-39.21369655691969  -14.591874934597449  31.273209963415834  -30.291008995866587  -9.236727204421092
22.647540427621767  3.7621738635116198  26.270822675530752  -25.147026449514907  -5.635619892239316
10.928504458861077  18.93449053314485  -21.010434528896017  -5.763421379195282  4.572421528468805
-27.98262116584052  18.824946803003673  43.22266105346982  47.208539952695475  -2.932624688733989
-33.42792391193098  44.85505685003272  41.30086955281212  20.05717632626261  0.8575696618483164
-22.71317506255881  27.845388118083658  -22.255167943790266  -7.189824869682177  -4.634231570244016
2.458388984487736  -11.876786053751287  -26.226396187302036  -35.773608940405914  -4.11548281638331
-11.93375871132486  -3.0604146633550435  33.65384325659445  -44.480987380563256  -7.086494433069479
-45.19046705008136  35.89844355003752  -10.331661424907251  32.09841914456344  -3.579294658318031
34.03562464541464  46.338532783559224  11.657935486641518  34.488037415877194  -6.406161635142773
47.00029132507995  20.598783103213965  33.42563720086016  -29.95332596802535  -4.6322842989196635
17.491925009236937  -22.925246572526614  -36.84498076309869  32.167139444823746  -8.205223440711329
33.1417601059613  35.34877264134321  49.5715007699511  -18.085249650932557  -6.717296801665893
45.00752013006786  -18.125840362731253  -35.08567281389667  18.711255761782564  -12.486014301066843
-38.059340347528966  38.38672676626384  38.210454209129885  22.491643284501535  0.2526198243259703
-28.271288345142292  -24.32995283466871  -43.110948471577295  18.805877804880055  -6.811222726669925
16.289716703363144  3.0747741783750726  4.024923933266223  -9.633820214921613  -3.276495684381648
40.45388473046782  19.47977640584347  19.25662174779142  17.566561381919566  -7.277808504421158
5.905316449800385  8.613629534922262  17.12790727619156  -33.8701502668967  -5.938927482140346
-21.220253643797072  -31.593749679474758  -3.0349783639648074  -3.101959332466564  -20.348387665723802
29.75785839135202  10.788976706300723  -44.329187681542095  -43.99674590401341  -2.650492019599051
42.258719018569835  -17.250892839340832  -49.26702760186344  -35.23878678678125  -1.190431738190819
-34.28605612508969  35.08081353287532  -26.7184929131349  3.5448160338561685  2.636799923159746
29.707957356595884  -42.01963915800173  -26.56413457118533  -5.458000756994358  9.125817263110838
-47.1649959007031  -43.99178444983199  15.544148576218596  6.162528618193718  9.318569957572555
-23.08713971087401  -34.21204604487536  27.97561508654817  -1.7138117686681442  -73.1000422854222
26.80845154544707  -33.7283581700955  -22.558456722736832  -45.89754707524866  -3.679355390862546
-20.756277722710287  -18.624351198498157  15.152681350962826  13.25962598674621  -1.15971914048197
-0.8086406507443356  -36.667070255184  -8.634286637685202  -23.16830731987336  -4.969876730630876
-17.063250844806188  -47.1834954068942  -9.98339472344682  -0.6397314577586521  -211.7942932134498
-10.335974607381338  45.40594182098631  -24.79874212473604  -9.622550498277583  -2.1541342652302076
-21.337102607723967  -8.783495594153834  -7.423664725641349  -29.90556353873497  -6.185942726918542
10.75598300255891  -19.96859756248822  7.92810759784614  -38.66702390988076  -5.312362026646453
19.08617181727391  20.723626507749092  -15.312835409323245  25.195196465906065  -7.586668521405187
-9.0895823996959  -31.00683911948779  -32.53362948666276  26.230177916505014  -6.943451893306899
19.133105851690203  -10.741665835679498  -5.97714560229713  21.920131716271925  -7.317552577217994
9.190377523138087  -31.029170236071007  44.45146121361546  -27.088902108588815  -7.605143091575744
-40.10143725559159  -17.89070597491965  47.079923436435266  -2.811176510307284  -59.7612565808348
39.789183727914015  -10.941739711376952  -29.2247260243937  2.9309995454555873  -45.94911581675365
36.451303358340304  -5.689227257788882  -16.694291193851264  39.39379840239715  -7.619493869360355
-16.91795289147843  6.97948841354571  -0.7051573835284042  27.09847889866948  -4.417266016073038
-19.092216097584302  -44.86433385323734  -8.20459312746653  -42.531864482623895  -5.868621410802191
-15.13581971503043  -40.665305930306594  25.361024935983885  -48.80545172108825  -6.793160229336184
-32.08218234290246  -20.421966633899547  -22.169703628921845  42.468172520425775  -5.047258949908615
44.80808689180065  -32.28125718127654  -17.193565962557738  33.472248048072636  -8.482532898252046
-33.81459301751369  28.06090119932621  34.5194361842985  23.302362827059035  -0.5358538771683596
-0.21002267059680446  -32.767265266720386  2.553337642743614  -20.869470612073815  -5.749155404405119
24.813187700037005  -34.47672159600251  -27.750074635296603  -0.6150012647745007  -14.695633050276273
-4.123129706836859  -14.559185626010262  44.80975004418651  35.00829456528625  -3.146409702534519
1.3734049239858714  40.785628264768924  35.513579443218106  -7.535272190617742  -11.636936130979638
43.94976142230132  44.001139747160636  -5.341482205366798  -38.41409121511958  -3.265476509531539
-4.0338992528393955  -46.075577369112466  12.065451698154444  42.054455246597385  -4.827276990192874
16.186881957411625  35.25908865237724  20.043974198534503  23.628157876887627  -5.040218446577582
16.619894240311666  -41.43438839820893  9.38805892170863  31.935253889092767  -5.846231561615731
-5.771758460677306  -42.547557214123415  23.13518694040923  39.82709403767507  -4.2683205125702735
-47.41122497953311  13.213162392877608  -33.91012212747916  -17.816176769113923  -6.579749196593091
-13.64802778535475  6.664359168244827  11.906284321432375  26.442446811016158  -3.8159582928845532
-41.049707450207116  6.7918044822965316  -26.10096696801637  -46.75006949874431  -5.92719681504544
-15.61284086854043  -6.7953922525344765  14.914744708851934  45.997342463022875  -4.331232818130726
2.9664575933374793  -39.78602623935638  -43.863301454380164  8.66727062388839  -15.100042380643597
22.713791049803138  16.07070770188075  -0.4401640931912809  28.225598326935792  -6.7169045043243285
27.38953120719233  42.06773658056481  0.6451194150360218  45.368579891405965  -6.3394547256487455
-44.193392149472075  -31.97284773095599  -3.585034754213978  -48.357529028475874  -6.803927817272121
13.05206378061316  -31.790049531178887  22.135531979535422  -43.414629101484934  -5.779284001616364
