-5.0  -5.0  -5.0  -5.0  70.86168811913437
1.0032223743852513  2.3129423459588665  1.5340558695449218  0.9898120519476211  -129.3169182316574
0.3103447614230942  4.960048376996618  4.188265422362184  1.342290627419172  -11.501859444676981
0.5441922093312124  4.494252766254267  3.351722275499612  2.0494502500918306  22.9594869369556
0.3604815331340838  2.1629511825897465  4.935885973166229  1.2237484097894753  47.28105266346439
0.7568315921800534  0.4984805550803545  0.2812558375041152  1.6000941432146887  19.607333682159037
0.7722444634831316  2.2054536300428107  4.851906924760151  2.0365952055897556  64.4559520884961
0.40603243790486854  2.0308844433477313  4.023845359046073  2.1617968130324874  5.738288825236456
4.128224201407491  2.1030373176217116  1.3516132822338185  2.85892570153945  -90.46411639913785
0.1802247070064017  0.18836917037022116  2.23636823062997  2.0053742184043495  16.743681704759233
2.103250628386853  3.9593743087374866  2.2775421113771017  0.9813266947402449  17.81858868267531
1.9028698514951892  3.984861980567715  0.22222322386601767  2.8826268986491193  27.530936498486714
1.9354046769314408  0.6324826715347498  2.7801116109342194  0.08463463594164222  9.729381829006277
2.1700405551313704  2.0535036176856316  2.916706058823965  3.3102035387815927  13.443973405523689
1.388210557689316  3.7041937384059183  2.6224631445621513  0.595522641882546  18.53955229368653
1.6999102434056967  2.5164180755655408  1.6153043963874192  1.2386778319805347  94.53804285001107
1.4175042588398696  1.6412724467471045  1.3339361302356834  0.8511861388449854  -306.36781577419936
1.862179985839472  0.9538701456482945  4.030880588722025  0.9380280493964482  32.25929022466765
1.3434980207854759  3.918402371860953  0.320121936101721  1.697945281139583  22.43337472632369
4.276270224399086  1.588888154393887  2.8498993783567976  1.7397212695425002  94.47751329781559
2.748413170551795  2.950005890651476  2.894605010736771  3.159038385279129  14.105048474789779
3.2657422332585675  1.3569000395865833  2.306018864882224  4.141069443853826  51.584034216699465
3.194795229210327  0.6770435204898573  1.0535095696686518  3.2766252705034042  -17.880182085801955
2.150281168464713  4.3442061076964595  3.547013350568071  0.649646233476181  32.02467725043187
2.514460803016478  1.6947128309815018  4.44713450480967  3.4325647327136406  458.0785601192999
4.491174010264532  0.061411933692734344  1.9617611645441813  0.5276436781264482  21.67714453469915
3.1312722133071773  2.6461039471746908  3.394733365629607  3.730501294306146  27.25694437535062
2.205186540209107  0.34113427762625714  3.7096733599192424  3.3945633369  20.686807502687387
0.13403599480000805  3.8948147547217578  4.3734488028690635  0.054957955100939926  221.19314547967957
1.9768357328086361  2.0018321060718773  2.5853397190657077  0.021132321318809155  292.381653505561
4.543348177766691  4.0162893392218795  4.328225479433961  2.4663659017832593  42.59722704849079
0.2601589008863131  1.2556200165427756  4.014332901891534  3.860523475879643  -5.372663738657447
3.055861540626143  0.593909903780811  2.487044570595307  2.7272676863641223  20.778469140302484
4.826199698339897  2.627106729524682  2.448176210662636  0.13064298432094612  36.669136169871706
0.09203798382992401  3.9929163835130717  1.4189703553115773  2.1454592195588025  55.144570528229885
1.8176981342826686  3.628030314091224  0.07170558216571254  0.0023918917954679486  89.72482606800736
2.012928443294916  3.924974170004863  3.5883571108772756  1.0538207441759102  26.102296860152443
2.482149173223947  3.8496996548284885  4.496814066141639  4.5354632311278085  8.63619856634049
2.154960164120025  0.561186695441861  2.0873254265017476  2.191434349044195  18.60224159505096
1.6108546347719  0.5086096326873274  0.7633761588747023  1.0106105040778472  24.81318590905682
2.809296165212799  1.9447364100235647  2.9736012139003214  4.901786874238266  24.122024041795765
2.485359421799032  4.842292427528008  3.349640673845734  4.763735377329399  32.1234728106599
2.34739904920221  3.3799043675184977  3.308461528665359  3.3950538718120726  24.258269456198466
3.172352965564399  0.4003640795477248  3.1873047952960927  2.2640289531698987  26.303724534404843
1.473404880487175  1.1063978850883998  4.639424248574169  4.634405538763542  -93.4624146702937
4.990494597623392  4.023282400791483  1.6357302061468366  0.18034668706272072  -416.24742582589954
0.6263879467603262  4.821731282693797  3.067140944499997  1.5808566982657175  21.451182443615426
2.152577072320166  1.7276721187501614  0.5783410916748882  0.4346808736178065  -16.85280757247061
0.12424608334922538  4.795532187370172  2.891533813081277  1.2754011479173295  31.287228479269707
2.0469674125601065  4.4169007670116995  2.923275814551436  4.589854253615476  27.00936669230506
1.9515967714666493  4.374367391907658  3.067496800549935  0.3371690126907573  20.879901960625144
3.524506797042078  4.16927689033688  4.809127173577025  2.4043233336319307  -80.75212295749023
1.5656786824997742  0.44091381131272867  0.68752785571286  0.026368208333051868  83.7103661371539
2.3902620810944333  1.1997475482249182  1.3024611318186268  3.5073283339842716  -84.70474079851122
3.5988825419926718  4.8445810153700295  0.522675307594242  3.753215138491936  57.46092277792301
3.1310816336412834  4.585913475568307  1.7222730055878455  3.1027586589392313  -5547.329537679233
1.4493773067560956  1.3301897053150396  3.3224825354788248  0.3294204062087619  31.168866513455974
1.635331298938728  2.6527693069157348  4.411253610074846  4.553324381252686  29.55543142121948
4.000675593170375  4.065802480568486  0.33064313310967985  4.955717570879916  22.77532629745992
3.2541007454393327  4.945679613643175  0.5964477450003852  3.984396355494253  42.24889116064365
2.8283408287789036  2.4097213191584075  4.0004144245637505  1.84414943144954  21.455103307667947
3.3153350472791483  3.9261797412623083  2.322483861560762  4.4887592348555945  30.73720409079491
4.421950994842473  3.1000352921407726  2.5801627819471076  4.992258039812906  23.088475696362995
0.01364628899117315  2.6043575460211805  3.507038441113763  0.6222142621350335  16.157924102095997
4.060588024920139  2.0285865598433137  3.425562936201249  3.2909534806243235  41.26708561278693
3.1669960952117804  1.9945526510743878  4.246711958839045  0.12129063167408582  -126.9306891925109
2.8713490865320295  1.2461265045826457  4.124879719009533  4.269803199109596  5.311924255298408
2.443157641349628  4.533245290495817  1.2062823924344146  4.817219601785209  -35.904207447617125
2.3166092272157774  3.798649729478412  3.794501446753743  0.10204771028263948  49.173717267137334
2.428107332247688  4.930289081657052  3.4477591399007967  1.6868679049093782  19.138772883607814
0.3940841765048708  4.518977328193116  1.9136629336889381  0.32418348615274706  -170.46876470987917
4.027658450004259  1.6036614536582667  4.418291905714628  3.6967072339812876  824.9374572436864
1.3943415718278396  4.485768563951781  3.4734122406118875  2.216981055108423  29.123690651054122
0.6832298144815979  4.155891716838634  3.116419804555719  1.3384414032787417  18.568055654405523
3.2965970180886743  2.6480651241038844  4.871784916765668  1.1699447079394982  41.41349994051214
2.341279075252874  1.8351342232421004  3.121143889613825  0.5060569897871814  25.579907619279318
4.151877893794202  0.12161978650272742  2.2044253619585055  0.16123819410459983  19.880539719288574
4.970383372842887  4.648953557166124  2.202751937330275  1.058391770493838  -82.6941185806905
0.9124804604812908  0.05868592997079869  0.39022266279333695  2.8598753163984405  19.79559363838426
1.1750929792870028  2.59339024793032  1.4712164139780082  4.186509186412406  50.06101497702767
1.630815966092341  3.3312940964656406  2.900747134723768  0.7545156025601074  21.962746495529224
4.444533916729692  0.1684937490096855  0.36847303124207864  3.6520554807641044  22.546985651158515
2.2350239235782325  3.745614962614132  0.899305642474838  3.169644935135217  -105.4367136373861
2.2074242039185554  1.0846090769788208  2.514212697226814  2.375300493047497  16.187236637071173
2.8621003418515722  0.208719380406725  4.962367786920475  3.409517999782841  39.19818663622513
3.8829440328933194  3.447252466134177  0.2883750626906245  2.476798482160543  25.7350298119633
1.1137976068642474  0.42642437133117883  0.5781355216340173  0.5153743223083673  22.6728381597813
4.836161843395792  0.1340104754916993  4.722819055046145  0.16473743555211473  -309.5501166521429
1.4214027869996464  4.940141002477808  0.5724659610693111  4.002627731615345  36.77100521142269
4.712958618826032  4.951782132655637  3.50330490443342  0.21440601006310012  -8.602859843345367
3.741011941613687  1.8704838505664227  1.982640387906864  3.3105850320077113  -159.54148644184508
3.266251484831535  2.1596948063393873  1.702702890454348  4.81323414634632  -21.46630708205432
2.032535668708731  4.775295790658662  4.6191905102349695  0.7245603005204004  -1052.40290292766
4.044556277981756  3.2506466229078415  2.907135165156119  4.304129467334522  24.720671045718362
3.8379640107649986  0.8397095783139163  2.262831471904523  4.973866525208029  31.071447672766354
4.325418113517606  3.4567561571802177  2.1165631973247363  4.61403003303729  25.8507624287463
2.905083771784075  1.8765864470721427  0.7283250324897333  0.15212312415430307  -52.2212689956512
0.398004080461814  0.25077172424840644  0.7362897116565548  1.6195508915486478  19.10453509281448
0.2926978421110854  0.6484171977997444  3.6837667555279543  3.7097253902314997  14.415767141195293
2.7673045249031496  3.3920406218465455  3.99020554509447  3.2962539831866557  17.991729915192234
2.0363896458467208  2.0384728494641786  0.3894109490661324  2.021458057113801  20.09445509244774
4.431211931628257  0.5629614453596021  0.6227646683226173  2.5944952953128886  26.824221293629115
3.997079446423867  3.95217118133587  3.3649262288952926  4.002467268357194  23.431805614576305
3.0135946526125137  3.876524915738284  1.0851185865832302  4.658194128596854  18.963378240583634
3.40821934952225  3.262462841049496  4.311220732066187  2.8286485256776928  29.95815746393565
3.991890435751071  1.0398243961032931  0.8702225206866943  0.28154196753279515  55.298332331268426
0.2848059176934109  1.0093152944819632  2.5091469528464105  3.4865947493067972  32.43830832861625
2.385323769897302  3.5301389189870775  3.948790661432163  0.6140771619334945  28.171932926470788
1.864882764905838  4.697498686537309  4.952049633569264  1.4353381356127537  -1141.6746325858987
0.24637353731034983  4.092830385531678  3.6176192487295418  2.7612563947724227  26.104956563245274
0.6814383628959003  4.323904349811882  0.9049632350509113  4.487085095905563  5.335111859580568
0.8784582934383667  3.282960378837826  4.5870095691035795  4.473359252945349  14.437822204254175
3.472278353772375  3.511198861960576  1.636109235052758  4.315008920107203  52.95204122604212
0.46997556105356886  1.7399430840086465  0.9659547889871944  2.911083908598014  -137.46120941550674
2.6433691699768507  0.27504896666660505  3.1551386721284356  4.0590483729049565  25.669197478738496
1.4499643640173838  0.7670599860932104  1.4416479785836622  0.0654716927104465  497.99192645936967
1.3262750497405058  3.844330182088796  4.789379366271607  3.9398277659854077  85.37597269949819
3.323009914223369  1.461253053792867  4.461123022966415  2.789917839715574  458.0070035502166
3.584705229552316  4.06522391910627  3.909378194112997  4.798644788620584  20.409282840483872
2.5979624166670625  4.744876628068891  0.5029445213815253  1.2731653405379446  -48.77103418152616
0.10404182549645924  3.1190487264174176  3.606594366193358  1.0784787842495713  17.768797932978842
4.082103884040475  4.84725929379829  3.5494689291192656  0.7976736474188245  5.788784081670034
0.7693669199357445  2.078878274460913  0.36064602722138406  1.0457770205269323  15.695576274688385
1.7432029119121277  2.992855514289046  3.9370490623273424  0.6440363331434895  21.651067071244395
1.1333802201047427  1.6208602735489674  1.8956097456036032  0.45215412292644974  589.9654888702169
0.3482029702292422  0.712926354335523  1.752542136025601  3.3287717812882174  124.24058875572725
1.5802745030026673  0.5327256992185658  1.402218723483808  1.3539522979586727  36.93840685878618
3.5489772061437015  2.513181004718961  4.56760601023222  0.012518310592261606  -1646.366002120078
3.3928094405870874  1.454919295781003  4.936215838064564  4.2788857909360996  200.73271441929245
3.2106656833488003  0.820370605867744  1.343671898797179  3.854252866486118  -3.6192321843950275
4.268314291737897  1.1203827592251607  4.136540469476678  3.2638468949089914  -85.89391685929228
1.8527123922120359  4.681789986357075  2.9144115034378264  0.4835642629814474  -45.05709881450491
4.649099501489475  0.6891948762153122  0.9375362165449574  4.725658573629862  17.551101446542013
4.711106012963892  3.604002796141124  3.25136805823579  1.239317172721217  22.249416062332035
2.5308454959891473  3.2065607242218923  4.877149018863133  0.4844810604221844  21.912126210506212
2.32488052775093  4.957452048831243  3.262683684470046  3.7044436592231476  28.705244531936287
0.889143820469292  2.740198953507782  4.081467228986452  4.183250414870709  22.18046474103999
4.721150668133827  4.324185107790773  3.76318834992577  0.6314033080581627  34.42620317410747
3.172831140452969  3.0098069219722543  3.3913822939433063  0.5595537444686  25.93037593045343
0.3194881411189815  2.0745540481172657  1.4132462311780203  1.0825193978776881  -36.29784242021765
1.309507033387121  4.831385600594914  2.199186182737522  1.580506932457153  69.26010720987406
4.025035755850875  3.888934110977083  3.3585924382778747  4.438488464931064  23.773597126228925
4.663244310076033  3.127829486697496  0.8942716045058025  2.9763626200379405  21.768594299119336
4.635289416734947  0.221328547092835  4.346931470924124  2.4945692792209515  26.42062340469647
0.38967973273009326  2.6599942972268558  0.8435773245008871  3.6627619336138157  23.068987029779763
0.48097331246166497  3.1779279156798617  0.6604373913563882  2.7581164069222734  18.593496500649277
0.6152240476334098  0.7057293276288934  4.22297530278024  3.460870220890518  -2.8371411674184976
3.068005980552899  4.565617784333799  1.0257688907244318  1.0771586170865093  79.40091080880833
2.9940171332517873  1.245023275745452  1.8924923488577279  2.2733761869887066  -22.728093814773594
1.6244786697733753  0.07905519937003114  1.0621538137893827  2.1147248944355077  22.92273478597029
1.090523149938576  4.525001804425116  0.6962973670039962  4.894861823210579  1.229526854862577
4.701213816103853  0.6318650876836418  3.949029399578734  0.8877689661477939  26.189027416673852
3.0225328069469204  4.2971837619840905  3.8460845162354396  2.197871930802227  36.171236011414706
4.972355335725982  2.604966155653618  0.06126988616650564  3.516170180787897  21.339299973123687
1.157111227597708  0.2999600976615169  0.3952853488173852  3.8897688143292672  19.514931034194642
1.857192242881398  1.4558786360412967  2.8839583380901486  4.5828296221754785  32.85509772675502
0.8621663742588925  1.351101031835213  2.66602586485348  4.056900264734854  31.4853132411878
1.5877932438528264  3.395565083255004  0.7098385113468325  0.6499114823258995  23.61947471516867
0.31336869678662005  4.50826954983724  4.9885948656074826  4.556618656969781  90.46256536549281
1.508914599864497  3.148012370063999  0.39903256192268866  3.7714979390411174  21.72096242663449
4.7778368215771385  3.330690306170104  1.3452355352195111  3.067286576343316  68.91133255596567
4.175043437330407  3.6321101365050175  2.8784524616145983  1.5051420849273622  23.54425591093607
3.233122515552218  0.15357462693475044  4.770252979280522  2.4227024838131466  9.140450297523012
1.7404891136690914  4.48076206757012  3.4418407798821313  0.3729764721614054  37.839402320940756
1.4265398028099803  3.1805504238568223  3.393819329079521  2.229654522683349  21.449579340897714
3.08638943938562  2.889561264603178  4.222915925573483  1.8292224346295964  24.09363542078394
1.7828516096136882  2.9607362876220735  3.2776501542388785  1.7629362870594834  22.77686103040134
3.535745921833657  4.383376065957068  1.224187117514992  3.130351573628676  3055.7338997023435
0.8779424361934568  3.689383058879359  0.08024056040372152  2.6466398710178405  19.751092013669844
2.1446451063703327  0.7360451850354144  3.8412751153226203  1.605090803137943  27.48445945739483
0.4157048391748869  3.637987281477208  1.714033175036942  3.837521840805981  42.76070689037272
1.7732947091963673  2.7739289378516316  2.103783170250747  4.415384337563439  19.976892751169327
1.8813737695988009  4.655858492898362  3.576311365119432  4.227461938741793  -15.669687746318985
1.111165522028763  0.9517830883933837  4.613789950368307  1.1708989196209134  84.83952472282408
1.8565463358623102  1.0053530998929638  3.412468816022235  1.6573990432687735  25.02884335475667
1.811263588513596  4.988412740274276  0.9848952195514454  3.596378192056519  73.86445245845249
3.631806462180341  1.103012034621167  3.1204157186788173  1.9926272303316273  25.512368470449672
2.962363408523344  0.08455079481407057  4.129566621433819  1.6939378050569691  26.6768248224151
2.458065605567439  1.9849742168739626  1.7471925171359248  3.9351126798924123  -49.93591901478189
4.456060378861809  3.1767475725242864  3.999575398196571  4.5351936188829365  22.89123448981384
0.9563662275534407  3.334172115380103  3.9354443566972797  1.5568004264813502  20.411759570778013
1.876986275747874  3.684721515058448  1.9209480558552379  0.45799224769008884  7.563646749604816
1.7300551255885872  2.676504458044575  3.223451035700074  1.821099424164816  22.48759287485172
2.426881322160068  4.427217261539208  3.8766108233491954  1.2296775168160394  38.915177403447416
0.6681063715684682  3.2415824986214665  3.9162433407645243  2.1383823028556463  19.192106132437843
1.981911670983959  0.9701644283016464  2.450397488771732  4.826579816511374  28.784011792021936
3.3222842934406644  4.999549781765703  0.9583950251143369  1.8740337948771053  4.9193734734511665
0.6513257295521729  0.05368683835432764  2.4570840952814335  2.224215679808739  18.4278268810685
2.815225815630587  4.428294966210226  1.035946124144505  1.6210944385048442  50.28776101826576
2.4559801386622517  1.8597504909896472  3.924488852725965  4.804103274488774  39.36811416242189
0.17596464840580528  0.6751512227922724  2.4032707774578554  2.4687562667527  12.954398909630807
0.8573550851637934  3.434059502753076  1.2734460506126266  1.1738170112290853  23.726243443042534
1.6916066411778212  1.3845764041445452  0.011382740151039683  0.7758779252637021  22.86851036120715
1.5493900479860823  4.28394464869354  2.545752551332675  2.8327632191979344  1.3962320256958094
4.649622857047102  3.6396029267119676  3.951107706646649  3.506435782272731  15.546781304516948
2.962972930771572  0.023784602960366108  1.9732579321848565  2.866081048462668  25.270409498490952
2.768490917052846  0.17198340901485365  0.014826568031533482  2.740670093581037  25.93876285024
0.4404393015533198  4.431936167390323  0.25550930229920277  0.8351500587898814  23.33822340659011
0.17226936806040594  3.336437574494368  4.024290973865179  0.8590059471902695  19.193629645490393
1.7073778161612223  2.684824948521689  0.6392708557085436  1.0805946221862361  20.83264328086298
