-5.0  -5.0  -5.0  -5.0  1.411714285714286
0.4651222053224763  -0.638295180252158  -1.5668407125377875  2.186902208132835  0.6559235247164933
-3.3124319492590404  1.118824898041026  2.1527337778029887  0.7567792614667523  21.371837260293823
3.8841539093376483  -4.116083825023402  4.812811035138519  -2.216676411694575  2.3979149014104038
-4.561361012585841  4.509877495477596  -4.818659365364944  4.074093114354563  2.676680903223628
-0.8743838173319679  2.6869050601267856  -0.7457604391140177  2.9344861468230703  1.3147853250091033
3.0652275805715687  -2.132514954232531  4.383384121688039  -0.7723603454355094  2.5264232490629475
4.214159131099539  -1.9874215219226539  -1.9887760089047335  1.8440533560097578  46.27024314158259
-0.4192477937358402  -2.000387909476839  2.996310065606906  -3.5288755888863363  0.7144089472064103
2.8119153624196187  3.2579142113294823  0.47147720347048006  -0.6606863881321723  536.3738879074305
0.8812530080155595  3.4984874928636485  -3.145253246606863  -4.866206385677248  0.8945914346407077
3.8652166453421777  4.830250393310582  4.788569711986105  0.14462600696221295  3.8241535247151726
-0.4013619840592164  2.887094430767002  0.10678098821604365  -0.5506021812316542  328.2294452010329
1.4185653207019444  2.331357699678751  0.29953239647599994  -2.4386092972889353  2.2795181444001975
3.8384538687258676  -4.221307097303114  2.4848746980772622  4.696145643664097  1.158518571024247
-1.965027535719304  -3.7465132020013163  -1.335664677358096  0.9249087468677231  -16.118806934299005
1.9148329435264089  2.7729264951124817  4.333908817477696  -4.742494356589942  0.9508312780107373
4.048386388212858  3.108161255546485  -4.827945333166785  2.4215105718602388  -4.027280819027954
0.04658600617904296  4.079780905053182  1.7129993299243211  -3.2037887711069053  1.1728491599273911
-0.8034501413664308  3.654468618133268  -0.2514482834713111  -1.2539068668065316  19.08036768853028
0.325791677261158  -0.9368149106834506  -3.3335192753466654  -3.400803336772644  0.7374113720400207
3.9021913013939957  0.635261467686557  -2.0824341907546633  -2.888719909569766  4.46625974951249
-0.5096503530398205  -4.257866857698692  0.4558348908799814  0.4410187242039165  -330.16494919079355
0.16058032192545646  -1.8448537060546126  -3.1438203486267993  4.996665213726546  0.7806654829559903
1.731575600203254  -2.1920472050721953  4.784012410148236  -1.8584385898975415  1.035171188161142
-3.8914439724534944  1.5106512390044342  1.7627866319412466  -0.9519709154294259  46.063258810119684
-4.834273591967473  0.9796787343048485  3.6704690466952354  4.376230061630938  1.6719969078083756
-1.0766701114203048  -2.4580508702455295  1.6481791337889085  -2.3781705674441165  0.6134550754139988
-3.2319089329857293  -3.2261534558883276  4.051477163216978  -4.723337790994396  1.0295056848283943
-0.2699934986409436  1.8663809240196532  3.7106404418564516  4.749192525854572  0.8449422958368067
-3.237797411688177  4.894714040736328  1.7174033773119102  0.7869137251660779  45.99319636708674
-3.3499266806899386  -0.3034357322815784  1.6686531140178074  4.661013643825649  1.1477533927230386
-2.9990140997464803  0.8486222069285287  -0.510015192328116  0.28468040292606744  -1399.1409600241022
-0.4197892752335486  -4.719144771189249  -2.5106913902272385  -1.942077862779783  -26.86864979732707
-3.9162910089255116  -0.07759212391507175  -1.0176952306010105  2.71725769378163  4.962282085168809
-2.2249885207877225  2.349302601422734  -0.5973192672413524  4.587597471116815  1.0245933578496706
-3.5061834319746317  -2.331535852771772  0.1956502343344091  2.4352430651605292  5.26119593438858
2.931598579109031  -4.950933696926078  1.0953550702675396  3.729251495672057  1.2068912315658324
1.5953900883016847  -2.1560054071116213  3.913022755080031  -4.007750587398051  0.8628031725434027
-2.3178886244628  -0.9002463152499562  -0.325280986183793  -3.7113116113563978  1.176818869864522
4.990158522928659  -2.8182535588739372  -3.7661417489457643  -1.689637395543958  -8.895932141652287
-0.7828824796073003  -0.6363388730497727  -4.587164509705714  -4.388617685118005  0.8193656225926399
-0.005816314051161342  -0.26125014148744685  2.0940602952092036  -3.088347339290454  0.7841769309615345
-0.8125665530984111  -3.9486014336646895  -4.8018612370197635  2.120977192138361  1.230747653169595
-2.5947346222718606  -1.5965584894134366  -0.18922063189196092  4.265869591101273  1.0595659195322562
4.982365740985184  -3.1684391120041444  0.38369640265014326  4.570474438604147  1.5687812463913513
-3.1006238527583156  -2.2076167009418004  1.3658728890461036  -2.5675766763383  3.4191191068046036
-2.3595039409544  0.437518535299396  -0.7468008313480479  4.3489957683732685  1.0490150115531023
-4.67133047892662  2.8852272254577778  3.1882073057691036  0.7416036175354568  14.00954834097357
1.5244720114651762  -0.6518112504500262  -1.6665741017194486  1.17724288291023  -14.646162388590268
2.0626640756022647  -1.5500842549474358  1.5786053888609552  2.1470387478675157  2.7350215743268897
4.9088127298067095  1.2054842708031177  -3.8752333250439204  -2.4460236050478477  -32.929529472019944
1.3968301969857437  2.6667640543004625  -4.236667952925055  3.4967075754278514  1.4232087955871053
3.876677436421252  4.329048184357196  -4.099104872797582  2.6861631417146583  -85.17604930497215
-2.5384592380437345  -3.94417929638061  4.267565577204568  -2.044064010733071  1.5083512481419414
-3.918114911082392  0.19556650003606235  0.6563400886838283  -3.3036201555824425  2.7014736320773367
-2.2098281640212654  1.0140873903125254  -2.812712152718496  0.010105816863198447  -3.7432290226090683
-1.5089675384168038  -1.3862769197669906  4.466365271864291  1.1980693258395174  1.0789444414157476
4.0786143352202  3.5375193706588575  -1.9188688333842352  1.4148723208207037  -167.54840980274196
-1.989808658221771  -0.10739513446550719  -2.193973968233207  -2.311206540394888  3.632182742069553
-2.56347507356202  4.305239980807187  -1.6987280943736505  2.0916563510003505  9.854980874398866
2.1669663078090986  4.343514982109051  -0.40705766605086235  -1.3283633154429557  36.9847206160766
-1.465098227465793  2.9594795268467555  1.805133135519471  1.236393338028977  9.3386004289165
-2.0128258353346413  -2.0458618971193583  2.2911719346004054  4.344800911465254  0.9170693564356573
0.14644650096224454  3.697735670047608  2.3437981265926098  -4.2987179860122495  0.9130627531570168
1.6889397407116342  2.3773110936486406  2.188218940572094  1.2955636127007435  6.586741829644955
-0.4621675200475156  -2.8435821147003724  -4.020282767453339  3.726978893987229  0.63601152746032
-4.3107421461451825  4.877753821048597  1.14035829264955  -0.9023796500987891  172.94214727160306
3.033121546274842  -0.24294589005591782  -2.693731790120857  -3.1122663704719535  2.4953763868098235
-0.1717566836153206  3.3459609689281553  -0.6818680428892254  3.208314873856354  1.1217640026485205
-3.5404005912685084  3.71662527776122  2.68334113560568  -0.6645575069744064  14.794208977368088
-2.1311081845947237  1.946007008900838  4.367175376221655  3.924348621878483  1.0902155090310033
-2.189885237938946  -3.0609633538885666  -2.437601024007116  -1.9288642587929767  18.622001234694398
-2.2020254700094366  -1.9916962768869917  -0.3169388463819961  -2.6035011715999086  1.9280156753568725
-4.292257648270391  4.519228339807294  -1.278160286802819  -0.8953536624547642  -303.26508448956486
-0.050130569042299844  -0.5109976718716136  -4.348260372526847  -2.4674881152756085  0.9817768212378086
-3.386532419856146  0.06767660142779408  -3.319853552624454  -0.5624859525097853  -4.94458684457056
1.6860044370546223  -4.779593041543217  -1.8003535035329339  1.7461129336653185  -0.27317039705728496
-2.582775542874789  2.9843876460648855  -2.749358155569341  2.917113253827925  3.0734023499280507
-1.5123366059456833  -2.7892610352528067  1.821919094760469  2.9368710610160127  0.8886951378890362
3.8400754460339948  0.8483211614812386  0.02352985374037997  -1.7441417932284948  24.93426293561859
-3.5355214007877884  0.09954870976671082  1.8278452778631415  2.0657766080267326  8.742652743310101
-0.9604532099110752  -3.5937994587027284  -2.2843041255317598  1.667845347187456  12.759231010735142
-4.776615382643298  -1.7422565904154008  0.8155313480550191  -2.0226355667166867  19.19738397881971
-1.8528282057521945  -3.4055661810321247  0.14280271995964988  1.0574432707913706  14.341600956962747
-0.09701478267642116  -4.105528248255736  -0.8381525781804033  -3.375362576252632  0.5025061190325995
1.4910762059982219  -3.856122210158886  0.6768113251296276  -4.554415752604743  0.7982332579914986
-0.9980368719257743  4.8312762170214985  3.824654285618008  -3.837125069929324  1.0450800858331302
3.2974550961794  0.6752343826683388  4.932002068167393  0.8546951457672952  2.5206662966871747
4.746947286143353  -2.295381252027266  -0.10345991023127499  -1.1938467839146283  151.62314241910582
-0.97117869960053  -4.207011486221438  -3.7902684629014076  -0.31489164779272494  1.4331828454705957
4.039107276886091  4.799314157611121  -1.9961748210119201  4.002792661566747  1.9464508326968604
-2.0487501516748283  3.8990397836677286  0.8434872101307789  -2.960795882641483  2.091502316842857
3.5192208083153305  0.044883408487710885  1.0944714617385913  3.578606114257351  1.9066661645471987
1.428030362955135  0.9176784958500761  -3.9162614566593037  -0.5243633693787991  0.004333511177035065
3.8746255392318867  3.1666993770965335  1.791492968978201  -3.6024008822849085  2.2530726824363723
-2.3652263524128676  -3.1712689719923253  0.3481687749670376  -4.391173213653255  0.9464550399615528
-2.9788591288063464  1.7012580310636838  -3.110260255369424  -0.3615889175678938  -5.25629278868535
1.91948771052546  -0.016884863581404508  1.759304788103374  2.426033236384129  2.18330923188068
4.131066626640301  4.53451330270404  0.23560104046862762  4.9704269471554685  1.289874388828145
-4.7831688075788446  0.7351201369420773  -4.170182465781219  4.885177654109015  1.4760879208540443
-3.8111023547329985  2.5142840722331767  -4.621042550095868  -0.5793069872989226  -2.1864097432260574
-1.9097382164197918  3.380701027104049  3.3691276236003453  3.2976876788766725  1.3879814489177096
-4.384423560184377  -2.9782952597728496  0.3940582470723025  -4.2782197669715325  1.5601005935862873
-3.301624480143432  4.894453369740989  -0.861159776589096  -4.787799617394273  1.2033803267977288
4.756194682976604  0.637198133768408  -4.636287169972522  3.1883545973521406  15.039810750568519
-0.9159175487948179  0.8250198040232498  4.589022401573032  -0.7482356603955609  1.070871425288378
-4.329696239179929  0.7842622491295792  2.162240887879433  2.745337535864816  5.139416117104053
0.5088713515962223  -1.727993299666302  3.589735259836679  1.7002754901073631  0.5229746630559449
-0.587527407102606  2.66495174725697  2.681075388991099  -1.8661689166235678  1.9330725990917028
-3.695767915492034  4.247730807958422  1.4920921839244161  -0.17981666766862026  91.24657931305009
-4.830726257905107  4.531248663754201  -0.7998824975961721  4.095624832715462  2.1777322367516483
3.8292308199594034  -3.1455660553850917  -3.1283793466751533  4.36408815895529  1.3516799888886588
-0.80443118801869  0.6939839264096437  -4.640384861848744  1.8110002481413705  0.5761158845602566
-4.977958847870255  -1.6106245253673446  3.836796236211763  0.14805345821172267  8.459286713178944
0.16083213417811826  -4.053796100936223  1.8988006894943026  -0.568974110227316  -6.181836187740117
0.2536576398289564  -3.2097416980318476  0.2823345844407915  2.443066806752162  -0.0390170978603277
-2.5907973615499227  1.6855226780694048  1.8139813102172186  -4.975573660947336  0.9949710769803087
-2.624380658654405  4.8255115557213815  -4.78901868054474  3.506344952847159  3.1378800376146168
-1.4527083694966447  -1.13530052012863  1.6328393461557527  -3.398348285755273  0.9541941087118764
-3.7583599864581156  -0.06129006619871591  -0.4243853848875184  -1.2247347864104667  94.62972897627313
-2.3768377868773873  0.9935300526028867  2.0138554607400265  -0.09567654529253511  14.893941020461682
-3.1576692854888573  1.4147017420081025  -4.029952465333983  -2.0296634340314563  -3.6865845255945797
-3.4903095424561443  -1.8748516890905091  0.20644009475093705  -1.1665218822395058  86.56357561980738
4.112776527150587  3.233149555974582  -2.3743811936162293  0.7747485526450071  -26.05815423229264
0.03367702705064257  1.278756173197693  -4.431654091605251  -0.2079170836121369  0.6312461105730829
-3.787416534270002  0.15290852597983573  -2.897412685026604  -4.679141063913947  1.2679856231906859
-0.49594742499118216  4.547374649894692  -4.391887009098218  -0.868135246504671  0.09892038231992517
-2.9315528858137063  -0.6151457162574531  -3.5938814809829096  4.747217514415779  1.063476190746334
3.329103834102605  0.6719704446574615  4.305310387662249  3.0901567563474455  1.89446599181793
0.4249636533768286  0.7658006701365921  -4.392762829816136  4.7908031467153105  0.831954746412465
1.492588480902635  3.4339109314399763  1.9251527447325882  -1.8200343730186548  4.758195694052802
2.634733950287185  -0.8404874193805378  -3.5539856005715906  -4.878889722065384  0.9853205319305836
2.777690614139182  4.972288707762101  4.122086090134828  4.203625196948501  1.2466907516442662
-1.6893722033929341  -2.1598448083357082  -2.7264578302385116  -4.250122450268638  0.8764908099602877
-2.1543459172435657  3.537352401278487  1.316407247729452  -1.7865052928394887  9.306313927648421
-1.4462074624488426  -0.40510427597411247  2.1783544178263217  3.176633309798106  1.0512102272067199
3.429623124906346  2.870618019997353  -0.20949742263078386  -2.267486691497391  8.355020099084447
-4.576112176150186  -2.5887396579406334  1.572279529621012  3.1486415962868315  3.5729805339667133
2.797418064199018  -1.3186694688525369  0.323632304624894  -2.8158941094179446  2.4201522462017433
2.682503612522754  0.40218219439069613  -0.46362799998529547  4.9453379060491525  0.9919701209060192
0.4599652785338054  -0.6735893019332001  -2.0861023708816777  -4.5546329114465385  0.801815654185472
-3.2852015482897414  -3.623662076577948  2.353657433567345  -1.5097308324707748  8.626034996666574
-1.3092337051447673  2.5896491074525585  4.936418754621124  -1.3212332888004892  1.3152627379202175
4.362377837204054  -0.35678978680064977  0.7358880970450271  -2.0973076012000913  14.741426090179509
4.643716553992375  3.7699548077200964  -1.8708870086235323  -2.361736056745816  14.378137976370816
3.686976759250826  -2.7877064338031947  -3.6950417984391  -0.4176164119525039  -3.432599900478277
-0.3653220108691152  0.48038653911330165  -3.2219046645920697  2.879884109556584  0.967394079968307
-0.6021721710817213  -1.279278021101583  -4.514508612335169  2.634411787062855  1.0909407433206382
-1.9319029868455369  -1.1292726630485084  2.382994181046162  -1.8771035420972355  2.6791000800926525
-2.041370801225566  2.239312348589437  -0.6371131740286051  3.287138820438702  1.5180719285734254
-0.24143196214693463  -3.9632511667715535  -4.795947909156422  2.0758307036010515  1.3506439381300641
4.35277266703641  -1.7211764278688713  1.6236844426142856  3.800703000638186  2.033579903974833
-3.380074017892201  1.4518080338097727  -0.3027977719813041  -1.8466328849760254  16.378042818545648
2.8805176211075585  2.9451426861230887  2.3366847772745136  4.0712671702659575  1.3350234772731158
-1.892686180669545  0.7597722177979671  -2.0000069086018657  -1.4631498440981288  -31.9990436324077
1.7810491332341356  -4.313595334241659  -0.01712225588106464  3.1659106820457836  0.8530179385249843
2.6229626822576586  -0.19892741735713593  -4.910831870334668  -2.0211739974268506  -0.4503183354117364
-2.414699910212794  -0.36978546726927075  4.75047305028732  -2.919217846306263  1.3240544954350928
4.742059181153787  -2.582868244929242  -3.0878373993983415  1.390309165995884  -14.467593518554501
-2.0019848415043984  0.9956858152308956  -1.7628238679495283  -3.819161145026691  1.136891112209898
2.9376967656964053  -0.6248680101698217  3.4728428226938144  0.3578636328269963  4.382128113825699
-0.42810129322209844  3.8278171738110482  -0.2364833330862387  -1.1700964278394432  22.20489093189426
-4.797229296987248  -0.5740692170496053  -0.8559959790350985  -3.992333315887672  2.1113883243932943
-1.9272738464639811  -2.899494288937043  1.7725871707382168  1.9274714376542301  2.2325365177084633
4.692833331078725  4.103612976191392  -1.297239910789532  2.3435041878742875  13.513436014299478
-0.3935193838488821  2.2931811301966847  4.097577735987806  -1.5953000859877124  1.2090427762818585
1.2978620006307189  -4.483857873782757  -2.18827367302572  0.1315058570250044  3.0794450939602203
4.711983308817852  0.6475925072886923  -2.154795079485634  2.145008902138091  25.875856462299318
1.6416213471910464  0.49870518138397046  -2.855478267634383  2.609817675604936  2.3997228202445418
4.454140766988956  4.641496502523893  3.8388604324838527  -1.4874904441610743  7.4769478868466415
4.084638175548513  0.6129838441089319  -4.926565662205297  2.447161664243094  -3.3578206940487507
-1.6529500495165466  -2.641147779731081  1.5192587341519408  3.746805607872075  0.8808610846138434
1.0852790457449384  3.0591854545249095  0.12641430360379735  2.218412710560662  2.746640668854873
-1.9956767933797626  2.0128290989829214  -0.3138396083175482  -0.5347652739883696  1361.5557146062438
-4.276850729689006  -0.7835776540538231  3.32931561431899  0.9612546841104191  9.338754863231868
-1.4208985134104473  2.7686416872917374  0.16932602000710728  2.904558639474464  1.6016451559153417
3.4057067730701234  -4.341441541071635  -0.5024347178806182  -4.607560166491073  1.0916548851240697
-2.7636000002950034  -4.225617504919523  0.9938924558181439  -2.415729353528599  2.827185005048411
-2.647149097393571  2.64112401833005  -2.1335565735107282  -4.878769887601382  1.038781620331438
2.1928401088949414  -4.84923116229388  -3.8791611088964983  4.222346882546065  0.8947294288462212
0.8469383925438451  4.954604137806598  -4.178163498647481  -4.213381482173194  1.0382564505006764
2.8679219133452376  0.9468652611973033  -4.311381889822735  3.7044828875901583  1.8495258438598818
3.290021033146891  -0.4018227464347657  -1.8977040315834204  0.3206814611623249  -27.395708246518787
-1.5921322750664824  -4.039787259239223  -0.8730485186774878  -2.506535625912485  0.7507269367266347
3.7107659989809134  -0.5062329149293282  4.931813781977752  4.2048119550204035  1.289346231671907
-4.561892705890932  1.6293685346032287  0.398842291011583  -0.984119469463352  323.7083598331069
4.7948556415927674  -4.7545998798543305  -4.8696364634927285  -3.7320399045506827  3.65403597862307
-1.3406480292642753  -0.38093498632049083  3.6987664580803683  -3.7568403931582868  0.9038845113251992
4.324358222818414  -3.9853788032712467  -3.6047554611745425  -3.6047072419403863  2.590552310447827
-3.3812025555272807  1.063669969781541  2.574973334240713  2.0331419833069866  6.567691197971895
2.1549440012548287  -1.0030030759981012  -1.0982352833143816  4.618907000419362  0.937632901633501
3.180823554306589  1.634955780929062  4.918525135523443  2.5344623018497425  2.007540891768481
-0.2363221932331755  0.9617197437631164  0.38663006551155676  4.308720344827389  0.8394805443815239
-4.086708118868073  -4.760585586451896  0.6127515121348898  -4.571278560949344  1.261481548162887
-0.07052569599253877  0.6894425417415329  3.886436082316149  4.085236999812315  0.8308114009393439
4.934926230807145  1.57720647069646  -2.928653538934948  1.1884054662690375  -19.65358303049932
3.102543651635725  3.402311366019963  -0.2213501860449546  0.15908539038836988  -21579.676626136323
4.86640242449054  -0.2795735388708198  1.16578623164302  -1.329499422509427  78.81095388811235
2.137004388707018  3.882718642242664  -1.9699779941930724  2.364437346508124  4.959991878408761
