-5.0  -5.0  -5.0  -5.0  29.0
4.435119822743242  0.34747748374697907  -1.0486217052263185  2.944848650140635  20.978127139168052
1.1896235878816603  -1.5260541260986376  1.605063632629744  3.1771585474835415  -129.08252103774774
1.2331874840316082  -1.7514037858164078  -1.5493078604948263  -4.361126916984485  31.631397860239197
3.157934977058134  1.871714625947929  1.4496097656301143  2.9806353371768877  31.881495189699788
2.711633283783357  -0.34469466744932786  3.6580145380889495  1.5194676913657956  31.955312393041105
-2.041007901387612  -3.8633019521424266  -3.604836313482434  -2.9423336694718167  -19.503732701668895
1.6582438090580731  -1.3222076879911404  -3.5116653817891894  2.2695697373134753  -259.95350205414013
3.2904853680523423  -2.006148723752728  -3.7118237885238603  2.1741627456244124  30.960370387547204
1.7620525387804509  1.6532907818129594  -0.09809773409215072  -0.9383242561510619  -1363.5562373796838
0.7373073979851275  -0.9304910349825612  -4.202318820807566  3.5703168356699653  27.523996757151878
1.9627758877877433  3.430044866250919  1.580630577167853  -4.385917689938962  32.00717076151588
4.1584032328398814  -2.641942628500826  3.872273741696777  2.765585046780062  39.48231739812775
0.11202140533468907  0.12088567166666231  -1.7398666682181734  -2.4538866388790836  31.99148127603442
1.3072991651545034  4.988726075045072  0.9771280213087974  -0.23772527920621178  -77.21806957032067
0.31491094526440166  2.827046879270558  -1.7016771298064266  4.688340555232705  32.00100667641448
-4.347441760543407  -4.059539502608528  -2.5988913051126037  -2.8274642098609952  -20.404143828064107
3.3518369958134224  -1.5241281098172248  -3.3595805853784535  -4.880326596652572  21.508349441259544
-3.4304757704100197  -0.32319800494751416  0.6673232772853716  1.5351077859496187  31.986467623366146
0.7479154919452119  0.4775870641402019  0.8099489725503467  -0.11631413852180361  43.73690918786083
-2.483283225558635  4.419002314467947  -0.756738275084527  -4.8805143998201  33.38047145338382
0.035185932766294004  -2.691788527045146  -1.1693778557537389  1.0353824908653697  32.01283815356269
-2.2566999489883317  0.9733154109745606  -0.4474750851944931  -1.7202141726285163  33.68960125829725
-4.728194074915225  1.5441018601893275  -0.07050649769464012  -2.7218761494077754  225587.1191410654
0.6355142928535679  1.6618523571608308  4.3487876893285815  -3.679281983483962  16.535160603765412
-0.4613960629405234  -2.0914152270338104  -2.1865307687392646  -3.7646516835777932  29.438658998999554
2.794288594823564  -3.8581376432433285  -1.6803596346611571  -0.14436931934487196  32.71566085829089
2.5865550932532306  1.8548010809937425  -0.332225049960882  -3.143805557148951  -8314.953620094719
3.3280098173608796  -4.6464820100301605  3.845995964685212  4.5868382485827786  33.273177239941795
-1.5353258812514425  -2.893011308348479  1.0627085478948413  -1.6857929826995321  33.38026372468732
1.202493795484731  3.163352168108312  4.589087875679237  4.240654345243021  31.98930391658544
0.16751003660191888  1.3867444904176107  0.5383005514298173  -1.2966003894187343  33.28364442201813
2.609368116639067  0.23543554913680376  2.8695867841091327  -4.388613862008385  32.50991193590852
-1.6656151563289734  2.7585426002845463  0.558091885990375  -0.24422420445109227  -49.70384026538974
3.31751291921486  -4.067952906985471  1.4615149037941761  2.6432595996034376  31.85690899999446
-2.833600137842838  3.048740319987519  -4.665410308230382  -1.6358574071334893  31.999727789725164
-4.270831808624519  -4.405387521275866  -0.7441316671421855  3.2167916067213618  320.6092710675047
3.7098727612004367  4.122688553572701  -2.6899128042149623  -2.4072466360314353  25.46311145347477
-3.2655737898593507  -0.631935935252288  -2.1950663668433927  4.719292391828298  32.00136113242885
1.5252201278014277  0.580743613698611  0.8739357121111996  -2.6126333205791252  -29.80625396111604
1.964164448008991  -3.834440556846225  -2.526928351057024  -0.10921385495361313  109.53212267133769
1.3044788485806846  1.528098061550276  4.210965876779192  0.3401365583630994  -366.6927625649429
2.0723055928675578  -3.9407500019539086  4.2176573509026625  -2.037483168102845  30.47129728945593
-3.9211358203651088  0.699916309401466  -2.943249363422672  2.961591658789752  -36.274108672569355
4.66824494537954  -4.836400396435159  3.737337357494513  0.610549907934187  -1116.5898907486185
-4.527028642651096  3.65751479480837  -2.480867073751305  -4.705587802172942  31.920600892969308
-2.764519107522194  2.407896767258108  4.079166637009158  -1.0726474417563807  31.57233224658546
2.870868405113673  1.7182286000180602  -3.738925798363007  -1.2812207822243056  29.544286732411294
-3.680680991617831  -3.957978979060626  -0.15915648354424217  -2.738509112064907  59.895279296780075
-4.73104998506647  -2.0654895028231834  0.9813102814078722  -1.806998586336559  -15.970098588798734
4.578685403926782  -1.473993579834969  0.29797047490508266  -4.750428241590233  60.46258773840661
4.177344922640661  -3.732465071034618  3.412831640964043  4.959128956854435  28.924796250454662
-3.069527573527862  4.032410518846535  -0.7697739593956515  2.5841705016613963  31.556715397032928
-0.5654749728450559  1.2539948032827797  2.696299614978916  -0.6564404505159621  47.79331465399645
-4.539814615620866  -4.808774309865733  -1.3683282409358326  -3.2737544288512934  306.88323091627535
1.4966918922218242  4.144722039387625  -1.2724069907222946  -4.871404386572541  35.12568872054101
2.3102414603601855  -0.9917589844255259  -4.061755652351726  -2.793044041756229  42.538674330286476
-2.645448214102068  0.6591131646559489  4.3293129515369175  -2.1897545863072803  31.638870270178696
-4.855101834966241  3.5219193363421484  4.186949918529096  2.0406165405899075  34.45727403399377
-2.5917742486124946  1.7099594731696333  4.7720482871991425  -3.442250619715421  34.528660958060584
1.654287893317174  -0.2802321238093247  -4.765685349788036  1.182264022605965  31.77470022165699
-3.076408839659146  -3.3200682750195054  -4.861575328157625  1.2740675995417656  32.00162346803851
-4.278620139731269  3.819266362087355  -1.5408678493117396  1.3621743826125887  31.96696299643052
-3.427058945866494  -2.526897530196839  1.8773555352389821  0.5885880898234469  31.705265647074093
4.628356075384067  2.2821062365470253  -4.257493770364821  -2.789355276003531  -22.99273596755114
3.0499810566697882  3.4872224974434585  3.2691021913202367  3.857123998053  32.89057690154402
-0.8465059394602109  -2.002872111510538  -2.713770208420143  -4.120875975634265  21.1668136586505
4.6246093424734855  -2.389525979046097  4.132109679877622  -4.794034552757758  30.2893786934057
2.9469273158016787  -3.7804070611892913  -3.739171028140184  -1.7193013837841675  32.09656639199506
2.028060560966942  -1.1922634984294145  2.310894364445104  1.5931819655037294  31.686536352080072
2.156494758902026  -3.7065562533390937  -3.7142459110763366  3.470179991110158  45.041773393575816
3.614492644797779  -1.6987180766797398  -2.1181943946695823  -0.05765864886610572  158.00727496516828
2.0359835179334302  2.0962770002353444  -4.61867683859335  4.259185922915961  32.47180871370466
-0.6105887066430737  -0.8516561693779234  -3.17664712639952  -4.546821565982971  20.574900289664257
2.6713301272901937  1.782973216243406  3.1069277910732147  -3.1706400550950278  -6993.230685397733
-0.4076101174147728  1.696920271620757  2.6402807983475745  3.7451234215936173  59.04410788204961
0.311925931765204  0.22400376363122698  -0.38302343743872147  1.8634611928616196  31.835185799368265
-1.0428521610732662  -3.3035371714769046  4.439558871482235  -4.123865359643099  32.15695633494633
-0.3624833735305283  -4.313923141241294  -0.936311622616392  -3.1815206066637036  -17.78999495968077
0.29493414814458496  -4.133613310877918  -2.8899455213074314  0.4333151894330689  43.72649689320572
2.3373184156576676  4.972968619816893  -3.657920648481282  1.7779443630891467  27.674549817368487
4.459754159848753  1.288579343296374  -3.198304904951516  -3.2077140729262528  -10628.988925542493
-2.3787829954903046  0.8025253471759253  1.773065285415838  2.6827808772504254  30.768079569187094
-2.9343663740612023  0.5952186382050845  -1.0479895721898798  -2.684280096808256  32.50016162394053
4.983857761336353  -0.8553162265337239  -1.078037283858706  -4.266925688412936  28.820594025274858
-2.387349310445132  -2.276957331174185  -1.5119647124750668  -3.5897509561567165  31.59512761726268
1.32397124455301  -0.7240427819017675  3.4839341142097355  1.7891750563718523  25.443914562952415
-4.224903446958727  2.640349302759695  -0.2690840715896575  1.3102646202790162  34.997246713418775
-1.7730097312509603  0.2169341436748773  -2.053847939823884  -3.6353133860118696  35.14317081654291
-1.7260378885204297  4.716395865038805  2.2326714281141107  -2.1740686705205405  -2535.9414060888384
-0.15786476301538843  4.261560564821039  0.9288853932696983  1.8363828113678116  31.799399913797536
0.08752781044393032  4.569781421150541  3.7594648357701184  -0.09888696510235939  58.00354322141289
3.636041310483415  4.899370453811578  -0.514195389441437  0.49653070366628693  4.068006527243121
-2.425167444721911  4.23038339655061  -0.12297516343567516  2.1096273401337124  7.847826264298682
-4.697712742598163  -0.2333840334427839  3.4229246534727347  2.2684969873978407  172.9526611982978
4.773213386695799  -2.130249509153279  2.7062500071778968  3.1559387525196296  -11757.339761195546
4.437719388718566  1.5416072917584167  -1.2281161539812175  -0.026916971539959755  -4799.577076867303
0.3253914534455038  -0.030986789387545954  -1.7083915806854595  -2.957050309121454  32.02327296272692
-3.189510898599119  -0.9309374246353508  -1.4650579356557332  -4.836861085481246  32.002566675493576
0.6006659752073268  -2.702144635860992  -1.1460613543750786  -1.9930453478085908  32.196328280755885
-1.7417309046974405  -1.4831446500048502  -4.365138834485062  -0.2686754819438164  291.96041769079744
4.192983186364982  3.827302411265358  0.6603316002139387  0.2326184204271975  8.66895610396941
-2.4434404898744386  -2.8291080857925976  -1.9331563978275907  -3.0321598052251493  29.193819353453378
-1.0898929315270867  -0.5534213329587739  2.4709739614465374  -4.238389895962365  29.702680276978057
-2.4609243072116556  -2.1136434598859872  3.540180419162668  0.8959501029267769  24.34911609041399
-0.7994084880483016  -3.8084323274125795  4.630584802605277  -4.1886238516276695  32.114997035933776
4.583269090704166  0.9053935182810036  -1.6710290894694446  1.4148345835648142  31.534441840225274
0.30242310117639837  -4.555496025049746  -1.1614265005008506  1.3809309883633802  31.506645189501437
-4.231756151443433  -4.429407967803937  3.707326855299739  1.242399229716613  21.3822698692078
-0.009811449653535642  -4.858975300745947  4.365758217235461  0.4870963657915245  32.1359608173841
2.5464617667399  2.609876310801668  2.1527881721262396  0.7833067171009794  32.789434937280156
-2.824976330555499  0.3516456884568758  0.5085738964096798  4.272021275852415  31.695172203805633
-1.57986935233552  1.5032844849521916  -0.9162021601306863  1.8036786556538038  -858.167810193898
-3.235666291871831  -3.025372306017262  -1.6185432014583612  1.503016921278581  32.000107190277205
1.0899159192858832  -0.3649602225266013  -2.699637149308047  -0.9251554679063784  28.5021371609604
1.2406055317522062  4.344392134808392  -2.5426647421079167  -2.203062632022726  7.633961220511964
1.2025159330106443  -4.552086736505791  1.1252926521578384  0.8745302687381062  51.19289308119082
-3.2797031149299753  -2.3930510006750785  3.8424172424408702  -1.353483847172427  31.898634703323058
3.2056475834138  3.8419729433933965  -1.545499213228888  3.0333133486628814  31.96224447053795
1.1198141940826716  3.025585124513355  -0.11937812516899571  4.253807067461684  29.0288050722719
2.9835783609333992  -2.2944510394714146  4.978504579084255  -2.457714636791995  31.819071727747787
1.5553172500115864  0.9571621117504647  0.9073570406810616  -0.3909003716715015  553.8534243791885
4.53142020376384  0.16114505624635123  -2.9004414675374997  -3.7375049666354325  47.98039703404598
2.5338763419853647  3.1113718245881454  3.1326582094476425  -0.2631395476443521  5.7929355599784955
-2.6782315618800205  0.33206100606677447  4.694402398483193  -3.0908145614158626  31.817051063548202
4.898018251130665  -3.773803724571518  -2.1063698649494755  -0.8211015151348033  38.46529083549068
-0.5532215495490861  1.5921491956147  -4.044639904810741  -2.1005677381612697  72.06196576487623
1.843562655712498  -0.6639677897384166  -1.1204311876607735  3.2126605898653504  88.9952961318906
3.5568268376959273  -0.3584714599015665  2.99198499028833  -3.7769740054019305  36.458185668069525
-3.703084694321339  -1.6639811840834318  0.5361258840449568  4.311442019273144  46.40609807057554
3.1396585301058897  1.2942887037308122  4.400671467831349  4.859960214636843  31.999020611785237
-3.0487053510828326  0.883123355454431  -3.10869760237751  0.03310311492692619  -280.2072967540371
2.6813674746436194  -4.102301189084065  2.2825220787408567  -3.776928986597918  29.511268570423915
0.9214330880138349  -2.0091506684939664  -1.5296999732418555  -4.939217256085781  32.079999581243165
-4.222753457837253  3.1285946790201127  3.478204438366596  -3.6566748409970056  32.36942323394387
4.297507336243386  -4.532401115019417  2.3998387880836765  -3.844605419080933  80.20595630286424
-2.902986497083584  4.045351510480808  0.1938890177529673  0.6222223859563175  25.42022894507791
-2.524819405459198  4.725048236249666  -2.195409225270071  1.5973905639252988  28.777977264257903
0.2452892981197402  1.5985025145503577  -1.5627013049352452  -0.9869378742725554  32.14493600878188
2.2492312399567953  2.0288612510263637  4.152580475423713  -2.4240808228731874  26.579276215740965
4.115124208352767  2.1212480451530236  4.861999706841695  0.34328662422135836  28.96909066006346
4.411835977890706  1.3296045637968545  -0.27295722423597624  -3.0224534170481396  1206.2265752656112
1.3317657946989376  2.531442252966991  -1.0285344097474485  -4.136491801850012  35.36722784407739
-4.859877800846765  2.0694752914537555  2.0239088405790477  0.25640516794670776  -36.86129274370816
1.7746437215431399  3.7964918381108066  -0.32335242895035976  3.571116017051593  -40.60760520128059
3.3677740165499777  3.131101125662906  2.4565751441122154  -0.9383448533317096  32.00649740760767
-4.00819224471994  -4.20059283037958  2.1969568051187243  3.4129220690991686  48.34526963785493
-1.8176919961669935  3.2935678775405846  -1.8473330624065032  -4.870867765614792  31.91731175817128
-2.211910209937536  -3.1633441880576205  3.7733686328574594  1.8675393142405827  31.963460620928487
-0.6142687228794086  0.9543200523476442  0.05457426862432613  2.420708207365619  -30.209968363947894
0.6953572374149058  2.2042133290955235  -0.7306558971846339  -2.5783999722780893  25.975628103395746
-1.2938088157022003  -4.887808593708168  0.30724330417627344  2.290310157434376  -132.4129793330209
2.790901029171287  4.932759966952302  -2.4171169177250844  -4.366643061127668  33.99399517609723
0.6887502136805651  -3.495297526415344  3.355701376570334  -1.477366348348637  31.60703284710705
-3.130878405907836  4.569378284299874  -3.659160520838463  0.5033823942563437  32.7119831850308
-1.8930812683388192  0.22875820987819595  -4.835711821070129  1.3276011873979847  31.935671170937358
-0.5516992714839675  -1.5056225581626037  -3.132178707549711  2.5686845620184373  4690.275163411123
0.8790694388103149  4.349386916777173  -0.3549163292272933  -2.0137469083016253  44.20640453422857
-0.33725123899212006  1.2276091162717517  -3.263158620353716  -3.711219670291588  69.6258991238851
4.691105250426638  -1.6276941425434988  -2.505938337862767  -2.152575273909611  -2173.6436221531767
-0.5702670118206155  2.621821837380093  3.187828030824485  -0.9178722821864305  50.20056217714631
-2.205276552797862  -3.9926916064092555  -0.5546863347300485  -4.806089311766766  31.294659303559527
-4.746278255543375  -4.221806460241329  2.210821794844901  -4.664287562310101  37.93808862015081
-2.0256859955917768  -3.993421947683284  0.5256412693147039  1.0222862548588807  39.38230039353961
4.904179136183232  -1.4392582150722466  4.820360155691466  -2.616682465379587  53.85766073123233
1.988373518066896  2.513529922483576  -0.4026177714657686  -4.840620849799308  33.486568135787095
-2.614675063971148  1.7470541284621572  4.535523563482639  -0.3541748891289037  27.26324452960516
2.274466224662987  0.7610022799466604  4.044048686136886  0.3184063802186138  40.06485638701119
-4.65804074481018  4.278640520274173  0.5513175651438679  -3.9819151485506183  -141.4404152722116
0.37497167646728613  1.6884440909699816  -3.5522256187292864  2.393486093119202  56.72432507983716
-1.9213133189224363  0.40227624434568454  0.271876959451281  -0.0016212305369456281  7756.480755606792
-3.195161068668372  -1.7478006661008205  -3.3777438091841026  1.0678269320067963  29.944036875106875
-1.3985984030152991  1.684989973258571  -4.753528380548155  -1.531489400233198  32.243462028697
3.7971288252378073  -1.0763681176968136  -1.54086248435078  -1.5240684815129335  32.00599180661319
2.5234751040424936  -0.8353985201522024  -1.8258033034667254  4.446312573381038  31.83247643431228
-0.5308249353836059  4.692995952687569  2.43347214952272  3.935991102483332  -72.14817843880883
-4.877096762535176  0.9030467760180183  -0.11928149858697501  3.906007287319508  231.154918893882
2.2382501167620514  -2.1649209527463236  -3.6673109230628267  3.2334437085838443  -73.43981044556173
-4.467657099340504  -2.3015716971179225  2.4443880935660407  3.1123081388831513  578.2840150967733
3.4897980646786673  -0.11265509658499928  3.0601182219659218  -4.277220769343788  32.70142994455004
1.7752167906935545  -4.341317527918711  0.36563458774966306  -0.6754144007346041  153.25876609408155
4.348780831047545  2.244391969966923  -3.8212647600028116  -2.4000556405617357  18.65447631246272
-0.999875960093613  -1.5221857580419011  -1.4725638474337117  -2.271785271565021  39.98582238331708
-4.398460322067475  2.759714656100175  -1.2974112797508504  2.2022703546550866  31.238976222252994
-4.980977681472139  -0.10829002050332992  -2.7237551483370543  2.0586161298739785  30.583891186972053
4.909526622581218  -0.6078383705166301  1.7679060974006848  2.7463072631226435  26.99860693074129
-3.001093186106694  0.6318141879302008  -2.436203339792118  0.6979530440187492  31.56523540325875
-1.2946444454499222  -2.41667996153548  -1.0055229403395438  -4.780571594297548  31.593815822226333
-4.722265702668423  4.244381227063653  -0.502368700033608  2.5927040395704672  -1756.462936253195
2.8757850477871787  -3.879814798914615  1.923005962729591  -2.5126115410374505  32.37539072471724
-1.2852881137258003  -2.9308908152733917  -3.3749917364336808  -0.6973998833963851  42.97438073595148
4.480537714111758  -1.9685838496176578  3.157567297267244  4.433106832491196  -510.83036462498524
1.738199857069046  -4.84447313816641  -2.2897950920699586  2.8284805633286902  -329.25673090377836
0.25207496832092  -4.761608414395661  3.967459238541042  -0.21954712173119229  96.82267889330048
2.440875227348935  -3.6238391795392393  4.2634882845282975  -3.9428025531243978  32.61822453123644
-1.0861289575449373  -1.7047217189829116  0.1561202966406089  0.2915772380151649  927.129009473221
-3.552326202626105  -0.8684297273161135  -0.16472120197806417  -1.200263644235147  28.392312409302587
2.345101838413153  -4.247452376006073  1.7448847560091785  4.884116432876739  31.81348408206814
2.6705723826678556  -0.7155358812113222  3.8050754059615883  -2.4888424657004804  29.77810121716041
0.507732643232679  0.5799051350905537  3.8952234080273067  -2.800506503728215  28.717588478606476
