-5.0  -5.0  -5.0  -5.0  5343.433471054606
4.453029768815604  3.5348957710371756  4.851792863413329  4.269851181319125  12.350073095130192
2.6087157146049162  1.9189253767071066  3.9137801747796117  4.0845392129551925  11.993125804685713
3.332270284469419  3.282335497713531  3.654076299170529  4.20960453782666  12.022720697200521
2.3818229957886263  2.228240989768184  2.5663207682346005  1.310618889521336  10.272243279361648
3.6398884184744174  2.1956648708513535  3.4277988287957903  3.355701902852019  11.63144691998853
2.6210629283454807  1.4539484417446733  3.613689664239086  1.0667817156777075  11.575337427749888
4.637643847643522  4.766807606357807  4.329334280678037  3.889222462359596  11.633113249798354
2.122689515911088  1.3077633986642043  2.3315273140436283  4.734657956858147  132.54757679579
3.9994124259457102  1.3722131506704902  4.4124293747182115  1.5674115605792247  529.1475191113017
1.5427145847792958  3.6230770964284393  2.201621448522768  4.193071048187419  17.47584016335548
3.234968538875397  1.792677371459365  1.050822600393789  1.5058191854870353  13.43326111739839
1.018627194279683  2.076020047677716  4.619254477949315  1.5852412643336513  -74.42718177118172
2.002691003657015  2.682788633962027  4.135330147216957  4.332535059163117  11.034155761715356
4.648421997256066  2.0323494931756017  2.4334183264659583  2.597789525430726  -6.335306850011104
4.023646515898445  1.7376956721934378  3.738940905502508  4.160906053061319  12.393415146884248
2.5138826463973465  3.132337707381182  1.6029828327615996  3.868585471329537  11.920692865632985
1.312996136220082  2.0060813989918396  4.673636404216643  4.811815148611068  -23.4051295429406
2.2472803883013794  1.8895482910490533  2.1784946579167257  3.3538238062342507  12.636091889512466
4.484544699604854  4.589501741654277  3.724915713354343  1.2493960089199936  12.44381453648477
1.397433123536557  2.3273272632660666  2.239278461619116  2.3730877773080024  6.074053489926142
2.230030484920691  3.228518053242333  4.645120926120421  3.7319709856577097  12.265561029108355
4.353227562552021  3.294163386530717  1.9109539972653504  3.6028773022061267  11.910740194402928
3.308471068668949  3.446719426497757  3.3279245109046425  3.492581142983026  11.973082911059558
4.443495473206422  2.933433017380665  3.0538876441677405  3.3048970130416024  10.89738409581877
4.397072724954812  3.5087113251965643  1.8995252849056286  2.9327384672985772  11.530016476802192
4.977357132072581  1.7446136320033547  4.85550972358995  3.1686203398099386  17.999868751621154
3.1609006487600344  1.0138309002439936  2.485492317186287  4.73351978865933  9.97260799312401
4.157065690186739  3.2344620101075288  1.8983699224464443  2.7440302731980903  11.595968764955181
2.4132320869976214  2.122662387355782  4.6965727524304395  2.666859588978112  13.32029108967159
2.536797015289763  3.3530825960265958  2.14331381632495  2.7782885855586708  12.165729024424149
4.094304572478844  1.889756046570934  4.785426861830654  2.2464192247292583  8.412623577517016
4.3790046788942565  4.3389021115140025  4.807764195611375  4.900159854815545  10.454944407728696
3.137555940588679  3.7072217141280706  1.1349470600082223  1.023748230101237  11.999099139027118
1.0506870160101744  3.4184824479191955  4.789825001920361  1.8816208400801262  10.393848160177372
2.5764637637767915  2.266469534964812  4.2358411494274035  3.9561333172110835  12.15128817179209
4.493468896754126  3.7444958005249043  3.859310477470355  3.82297980429564  11.655926681415007
2.241263985093683  4.598219020239915  2.397299644334904  3.8045907709328044  12.007117727189776
3.5945664156148274  4.293214869870432  3.3888834846559734  1.5443096628090514  13.45718424945277
3.185184505191263  1.5953947941039606  3.7230902979992804  3.2334234124880084  11.935107156925296
3.5937644101714534  1.029190362254953  3.3267850155554544  2.522838107289662  10.006893535983124
1.9589150710554972  3.963580378068159  1.802129956419798  4.758671916782413  18.182659553642182
4.910268759524449  3.8895524467055944  1.1241867173517521  4.006417756102328  11.353693337297903
3.726860284499253  4.845721787315782  4.345736749925203  1.8261638088180376  11.834324426594733
3.2009848744473  3.0162442259432036  2.4445340715976545  2.383106528181171  11.967818330690672
4.0088439266679705  1.5606553133257637  2.7041653535982744  1.2977470210855047  15.825978179801384
2.119198208987095  1.7066244554067866  4.031395258427985  1.2344976026745158  9.386191790389333
1.8683591614236614  1.1701982257353505  3.675931069066049  1.0062030963194566  10.31793613882652
2.9930753047467937  2.858922191984079  1.739825211829944  3.2965370797598457  12.020462444663305
3.297735170500194  3.2008840114883186  3.960647430669714  1.6373134890967185  11.369594124743996
3.1626454583613093  4.919142770402784  4.401126408780364  4.15942828118056  12.00012772977046
4.328744497334696  3.110353539337187  2.487884658978501  4.15612588371202  12.461872969677994
2.4902439389809943  4.71287300601308  2.161665451232109  3.133639245270616  12.031986469586258
3.2937347671633876  1.38384151356854  3.981713116520195  3.7706643759199876  11.849212641291428
1.8935811535644582  4.8541629289538335  2.7951263368496653  2.2802696821334023  12.306612474417118
2.2593689074255163  1.914520417740491  3.606386836481054  4.789687102010831  27.255211198381417
2.7559269258363694  1.0119334283005332  4.128766972548563  1.9518897678938156  15.465676317488926
4.84702928213898  4.066600031984475  1.308840990419101  4.763640463976547  27.00053326272208
2.6701477245517933  2.0923300447168875  1.354941690130305  3.9277114962547897  11.736664350066627
4.64791338774639  3.1084223561839024  1.2666017996233614  4.394227198107798  23.623360516771825
1.9107909490603459  2.8357643006455002  3.138872087357591  1.7803707163294495  17.817467406011296
2.7563546705671444  1.163259070253209  3.216112779266844  2.565026061222714  13.382434280759814
3.851848278541618  2.4652167269690364  1.9144431900834138  2.7189788603044125  11.517987362110087
3.413973533383358  4.149506516839084  4.739662675446083  2.502902329271437  11.9392438466122
4.620539725883518  3.4553771762671235  3.726180933948621  2.865211496732061  8.711061852121706
2.5244279387558715  2.1233973606114507  4.004823082300231  1.8595663702871752  14.421233282870457
4.775217519483267  2.3805139610856223  4.884585163300546  1.5993343547194954  335.0482105665357
3.320827486546623  2.81260277159206  3.9668596631753386  3.0491005411170207  11.903994752235082
2.70657356008192  4.865267487047044  2.323155969506244  3.9369922924227776  11.996189061814997
3.5148264292789513  4.817108907253668  1.4627505958310514  2.447615235389061  11.976955367054332
4.586536323956089  2.19199610589958  4.960816255594523  2.3536012197201583  -1.8076062496613314
2.9100495951120995  4.8958992553094784  3.5585017730221398  2.324940862431866  12.024686538818472
3.6418298745176334  4.958526374047341  1.977509473128774  1.3620466165223806  12.093029590976665
4.117369866322141  1.9581891758280339  3.385185113385525  1.2174537626092907  13.866284279721457
1.7349356016131434  2.741334473674229  1.4105866941951848  3.584410767571354  11.695804987704644
3.3726665777710427  4.902630207494951  4.751812925250903  4.76028796319652  11.764941085699242
1.9324158347394476  4.973959810839251  1.8947099784092147  1.9653840868800208  12.33353563693053
1.5485919819912914  4.425945702441561  4.105586952173766  4.9833499283999965  -4.199527085058794
3.9800144189090556  4.733989140485779  4.030430936353001  3.892159045299178  11.972944551529144
2.602584214992521  3.5452764741744365  2.785503397456182  1.2582423774098035  11.785602309657794
1.2489238769597755  4.941898716689257  4.4208772369792735  4.863732892370789  10.966548857962602
3.558420751754026  1.1000139684201278  3.65953574808008  3.2944633380367705  10.98900460346846
4.443880889665165  3.2715698015547297  4.819133621798821  3.354940566082396  10.87799107179819
1.6350422154917355  1.2354889201077905  1.636939591461534  4.967601740786057  129.27263851168763
2.6596040845881266  1.078041918014137  1.3504636196332922  4.822985205219277  21.938477340723196
1.583715540978285  2.2014620354700467  3.50640639093093  3.776727160419107  38.59429130523334
1.5383035711668378  2.648207305814445  3.995518763044673  3.3950056700122118  -2.713728744348394
2.2548888466836847  3.1643462165191214  1.1811163911383566  3.1423151073273523  12.05151284465682
4.430846347705453  3.4223285748287973  4.337653399035415  3.4551087667555485  11.226054758701812
2.7838427784000603  3.637379689949906  2.6589937430630353  3.6518737035998003  12.024691266004131
3.5234432025152818  1.428636334991074  3.196434379229645  2.731571379003449  11.078120471804374
3.7664946146642566  1.1439698565392966  3.5689175351775697  3.1324878311567903  10.233383173227343
3.5987086128716776  2.4924928721465793  2.7099427365940336  4.995368921505497  10.917316462760466
1.9130014969044855  3.4750478893843995  4.622084802808136  3.784799245349864  12.407436610716559
2.005415410544038  2.8608472363670865  4.522534206674778  3.3580962045817624  12.953383781984623
1.7491595628770948  4.0729223916245765  3.9854301960144416  1.5710223395539167  2520.193010096003
4.878507061029804  2.31961180168353  2.1268908661417867  4.451487973596523  1.4776428308015515
1.1285420584942711  2.4256952061335593  4.7167618627808165  1.9424960588013107  7.3884218683494565
2.8557174679909227  2.836317460513733  1.5564903053483095  3.3454096948547045  12.024380221287068
4.078896727633383  4.704221281052321  3.9373622450554113  4.464515340625708  12.190948515855595
4.467766712747567  3.955610229859818  3.2965698627950357  3.5921480621456046  11.673635317822468
4.604052270887147  4.096751244831104  3.1680001558027375  1.9048093527100005  8.29916536047864
3.8363318484410804  4.895993210604306  1.560302702453089  2.7603704888269993  11.968385257488052
1.579507162005132  3.336208317035532  4.8318904419695405  4.166557438338641  10.256363548314882
4.911111328598974  4.390347190842147  1.356767135274282  2.5430267127289343  12.364593482061835
1.2105173516200072  1.7754152484046997  1.758904379780585  4.649310933678851  53.19554223960863
1.640101785662687  1.190346009787321  4.765400500006456  1.1030060834591984  1.010409113536694
2.3728925647533137  3.1129199325777903  1.847551091760014  1.1061192992850057  11.643618385495646
4.433952409156255  2.788559689557818  3.547527536905101  3.684335038559875  11.143930735515807
2.548389629516613  4.635263255561706  2.905709810434116  3.0396093033605593  12.045887477903376
1.1067538873209672  3.8369854013661153  3.0012640302392533  3.4033709812838704  11.785203102537476
4.330583802182183  2.812010573001689  2.9610631037633532  3.6632337399576893  11.541359387653076
2.015119915139858  3.054600567627741  3.4461531846980504  2.094608310508549  13.76364881544061
1.2579364533625816  1.5115229260544103  3.6834561627006903  2.278449488542865  1.8831580725016348
2.0507266907941815  4.779465529013131  1.8653250081524217  1.4826383736832738  10.964829385503684
2.985492838967991  1.3146856024065139  1.48225866335537  4.7287185666692935  27.62821163540892
3.956856897760724  4.9555595585951755  2.305312045185661  2.9612828924186214  11.954346646981666
3.804766450510021  4.769554071828616  3.6330212391566086  2.8439863446209444  11.936500657779444
2.4377418087420866  4.036079900943337  2.2189362846118317  4.871223742654148  12.63346099995723
4.8449296669072535  1.39351062542293  4.562572558300686  2.2542135960402194  42.67170172998508
4.823881976207916  1.3810159023888087  3.929432924238815  1.1793709628275746  -2.2021575189186695
4.831963553788535  4.29497482991442  4.105985945613442  2.709646128373294  13.275816028955912
4.572838749587101  4.137594328812105  2.0012312156803165  2.4900198179000705  11.006997498811334
2.252954068935286  3.020364718093591  4.880828806620449  3.4933376814280526  12.43903393044435
1.3615058546555696  2.7903250605378083  1.0441016136125878  1.7853303345696996  3.964634328348682
2.6897920672727955  4.262784379892238  4.4545797643799325  1.3550227445748768  11.874179695660906
3.51337357302274  2.5880240411813515  2.1847260401535458  1.4391035905855416  13.190186060299915
1.7821658045623607  4.088217217981727  2.0733383524802287  4.654302822591376  4.27844629191693
2.366067378016809  3.4959990410659127  2.2577002742991508  3.9240022643730685  11.967950915999552
3.8984644565691813  1.0967351443578681  4.549740023199973  3.407286517548564  9.647632833914457
2.096264312968833  4.342718733225348  1.1535485932284026  1.101554997058816  11.7538769904289
3.5920662769009564  3.256808594115951  2.4636075363331145  1.3288539131820958  12.352091448995838
4.469238017306731  4.1543972806502705  3.4840635637748396  3.7222775287760954  11.775237394192159
4.0689979118222155  1.9091172043181546  3.9110988517717393  4.709613431180156  437.6703114373369
2.769545715514479  2.5831731068783377  3.8672085443070454  3.258312922441117  12.218458103961806
4.273157331688899  1.5737263637444356  2.2602357451843655  4.331932893225198  16.45976022939881
1.4110228072415678  2.682598292376309  2.0894588123852573  4.7439269250698475  -70.58377240627385
4.201713405421076  2.7150211461774463  1.1584906641848862  2.195176287575079  10.911693010224969
4.844078853838505  2.4781395175800225  3.8798559853595416  4.023270228655067  12.539638864036235
4.402973121127294  2.5887705942132455  2.6298625391864547  2.4809977037826867  9.541409308163969
2.6145696308980715  1.792982099088479  2.0467260940217926  2.6258169424935884  12.74581821304285
4.301466733359133  4.844054236621063  3.545358629627386  1.152267274324137  12.106543913618209
2.832041456595015  1.1557728867112642  1.617004228847124  1.146094955734597  10.954424302226109
4.372272635436815  2.87091166869383  2.915305697920393  4.363459428904578  13.612330333924799
3.7391764512359718  3.434707258348225  4.0239467950437255  1.0465120033884712  12.044366846164872
2.8932265907393977  2.2263878482198827  3.010215159684911  3.298155924200433  12.155038731490801
1.2146055990538676  3.7716967319625225  1.268728101248079  4.593542632193827  15.01961664026056
3.996651357419395  2.1535471208945776  2.7573140006241657  1.2852289184426375  13.915629202826082
1.376170918882897  4.653923284084922  3.6045397661858396  3.354044019052166  11.690826849213632
1.291152141744472  1.6089243065733774  2.483096293435246  2.5363161337519053  5.304683803458982
1.2819920686948225  2.343033295684425  1.240375461730665  3.308309362971349  11.908585795261091
3.0108631525989593  4.775172800951216  2.991637619338887  3.3628988756663523  12.005795765413069
4.1656163420292405  3.7322156674655247  1.730215921240903  3.9804144183325514  12.133271885518152
1.3688482586664321  2.2612746133714015  4.109729232655136  4.353685785473953  15.829478713330206
4.614870102970154  2.9285984795698408  3.308864599643236  4.657752856103674  68.04051317971843
2.75017218805411  3.6489883161690115  4.931401855410654  2.1166158124581917  12.208876736959876
3.350078188439987  1.9354365549189363  3.9777533758754733  4.1961725597153094  12.069861856783016
3.0980119617828197  1.3601454285145618  3.6069141558296063  3.5216575988346057  12.059313938782086
3.326854995572985  1.7706181391825377  1.4646695621493433  1.3230937625829755  12.683844607935676
2.1550886751720317  2.6863641526970645  4.008051819639464  1.9402299854776914  14.454437029352588
3.144968724065819  4.802731540794211  1.4250857212123664  1.8091962320765362  11.999257007896782
1.26721291594805  1.994640513296475  4.138401589354389  3.0965269457540447  8.181144193945022
1.3636339671738202  2.173477743995104  4.876627261942798  1.242986902193667  16.404607899976916
3.692871660875507  3.4155024055057135  4.732414041210884  3.469840415490855  11.852846928461307
3.293267819039197  3.6282269690174527  1.6317287204212958  2.0875816859457084  11.94520552100043
1.5620812236977564  2.613888307200039  4.901330938210436  3.672155572907218  -38.57073073945956
1.9550353334005184  3.180175626774444  4.4987316131161705  3.7136369267304117  12.530570859975137
4.8712136241238575  4.478031419141523  1.5507056655430862  2.141385180550369  12.849408236837794
4.785698230995564  4.635501135804915  1.6531002976873714  3.487332494870551  12.112897966591504
4.582710417087715  3.7423117641639867  2.0390721767227724  3.4196429795165284  11.534357434646775
3.74213468104786  2.5173032221483886  1.5451105236934826  2.8609115449717137  11.760161314121598
4.726554256384983  2.7526794200700495  2.408601183821202  1.1224566132792293  -20.40222899152522
2.965716191851032  2.3176168900136376  2.02782082001649  2.691315723875171  12.125031380677825
2.3936098552243212  3.916765149513824  2.5470995906293195  2.6558239426898376  12.162111398693051
4.152274377482983  3.814535331698193  2.39141389907362  4.438187853116872  12.566019416489988
2.001499092296786  2.046578767402536  2.6997479182483994  1.323055465829159  7.006277054901804
4.101958824280171  4.513150922134809  3.3216124923642822  3.0167368163578847  11.87531326144596
3.846077278139319  4.053667566728288  3.5143017908602534  1.5144473368821432  13.458123298106196
1.2706543407767605  1.7647678694385882  4.417870649735523  1.2669487521138243  17.65495520229257
2.682854292392466  1.6111591531134866  2.76340315759348  2.33452412211052  13.219223873021232
3.999071301565785  2.011309066678363  1.0809465862157568  2.4241661760860995  11.118207863698021
4.182389261575526  1.833168477735243  1.3429189349531976  3.7509186478123135  12.660026716123403
2.757930920308631  2.6761955783247746  2.891305771075312  2.6254265317832246  12.271573299895651
1.1538149954410195  4.180993574584852  2.209147837853304  2.91543602634119  11.788283038038514
4.331117547144032  2.826877169735755  4.944119373321233  2.1619293059100984  9.263982736172897
1.3257404374042348  3.1912887856851926  4.516075809115584  1.7935213353104502  6.156795338772884
4.289044906881205  1.777782216603378  4.190437541807981  1.503873812019188  42.35440523972285
3.4208807443706384  3.8003681020869906  3.0849110125428725  4.037745321375191  12.004760905728464
2.1200603765775288  4.758408294656984  1.176968701950503  2.5054572717139165  12.075813626603626
3.779394199812831  2.639885489416268  1.0326615536378791  1.8610634803632764  10.92732538870567
2.5392799286258825  2.674727400566123  3.5108087106687584  2.88332082224803  12.432192313104315
2.708098831040041  3.393751854952497  3.2678224935779565  3.526034713808706  12.07270337952309
2.1450770366008314  3.4407074334544414  3.044974801691427  2.1019717779044504  12.836614891764992
1.203037314013375  3.8881943949612343  1.8050886478931818  1.2989277472038596  12.955804311707317
2.9193318340185974  4.510694823708546  3.642734672448588  2.057962306519623  12.047398191607579
1.1682704985088042  2.852750341762728  1.445690993181406  4.967228705778561  8.579869150954044
3.056758742459077  2.82532908175164  2.2030185118869916  4.106662620850082  11.980214182645783
2.503863090796188  3.1186131661992977  4.116245129715992  1.2425327539138737  11.700935742806953
2.061954374643354  2.678719023722332  3.497683047437843  2.509594944139286  13.52808551045133
4.5427843408406705  2.353531087267093  1.6701878201891307  4.837671900316568  -16.14555001978884
