-5.0  -5.0  -5.0  -5.0  NaN
2.2683439386183224  3.6800564747029565  2.1050175562277116  4.53602671605821  12.578225685357753
3.557072499627244  3.2832662509992225  4.9150162319278685  2.1407613178464575  11.441214081853394
2.2719863959561257  2.006007472145578  4.692254308915032  1.816197561096116  -34.90185444223889
1.2371397255607204  3.85075197278112  2.1949481352249123  1.5047930737893647  11.33849781399736
4.845614346493967  1.3982712722489858  4.5840053655605  4.015811276121516  -58.29294105869727
2.344295298791259  2.0142415393186863  1.9793486118896708  2.605961508167728  14.678933194827241
2.757581063348038  2.280975670777348  2.9362720799563533  2.610679116718012  12.289326027353644
4.322714704192432  1.0715098634257236  4.763986826844713  2.3423647136972083  -89.15059064383465
2.9387191218073125  2.660236038089244  1.1486844354228363  4.040612018923536  11.92834105736484
1.0877157100068597  3.2484804327468737  2.9867833945312103  3.15208325431749  11.420705234536372
2.4211781584105143  3.5795491484297806  1.7002878298641075  3.94736513122473  13.329629052286165
4.5838582715653144  4.84680870308021  3.2662859381771763  1.9387756681560706  11.80432134301255
2.9172811270274286  4.390171074301469  2.7417303590198117  2.3775112560149463  12.021872240782503
4.866772489522667  2.699841421480834  1.3222279968865815  1.4091290733098032  2.678649112771412
1.0077415262696867  4.2182554091206175  1.3135137823619072  4.456542246537903  12.322789090962576
2.0057615416550107  3.369607835172088  3.233242342469367  3.1090516850883216  12.463092036970773
4.571134704807093  3.657760085944887  1.9577557117469624  4.083422002949476  7.798634823571756
1.8049876932214919  4.3909279164852055  4.274158966510877  4.835216109635845  11.826133791664617
3.611618611362747  1.4046681802681031  1.7961593675430598  1.8112198162485487  8.29236144852685
3.7344355195470422  2.4943476593803346  4.072095705200926  4.829353602080657  11.922443742619178
4.017829960217856  4.8403221100525275  2.066641951342072  2.6326348348410966  11.839637051865692
3.3173914699480838  2.59009061288338  1.9650367320136461  3.379081985760711  11.710479051227763
1.8134230879103739  2.0985399368983266  2.1648628193790733  4.0549430476704185  20.563296762114447
1.6209140837267868  1.4057042094891155  1.7895654220437391  2.6080650771991314  172.0364426295637
2.752153550108741  1.6040779629129744  3.2567394084300254  2.615459080431023  12.418768319745256
4.834223342968508  4.638234271699609  3.2291573028765295  1.1094673398248753  12.007628612355422
4.093518512134356  1.202833713111136  2.658490440298637  3.656766829019307  7.392075714887193
3.9041466985422115  2.4677370428552217  2.4967266116381897  4.742031231716462  10.878171695219276
4.307027286282393  1.6333465071942266  4.878818702839968  4.364037944241852  -8.276234323088364
2.8462463062083403  1.0053960551992405  1.4932399765895528  3.7621813564850624  4.289998838818924
3.3449773579586966  3.0935647026842776  4.253077762630504  4.19048627542299  12.03304867331621
4.997060907724322  3.0015993381928836  3.478937751239466  4.215394374592062  13.1089072861138
3.8584268573179656  2.9779078888572452  4.553689019567111  4.0996978148434495  13.28742983919013
3.7615429697291995  1.7647156181047938  2.3283285127487274  3.17518665665723  10.377192678445386
1.9846732482402714  1.5012687795690765  2.229220277232579  1.585999303586445  17.338922244652853
2.297301056786554  2.1501354036186764  4.040415423625788  1.3305043059032817  11.235986683439252
2.595241381066069  4.955180589525657  2.7134284093225816  3.059472121320981  12.040485370169643
3.3331923073983774  1.644076894128292  3.5798672698672482  3.226571925667088  11.841987631365985
4.461944665513315  2.88582278010148  4.574748568632243  2.5764579686869014  20.211075063513796
3.526184986916497  1.5228467687248162  2.383831426419889  1.1174128750131165  11.440068435571243
3.7882807469105817  3.735263927627023  2.4782052583794356  1.5477251829517256  11.86827902028344
2.311757964604479  4.913355347975305  4.846093398078906  3.159811885157403  12.413714025139054
4.89005021133504  3.7002451156247953  3.6500564680826257  4.265648451220461  12.737789757874593
4.306449198018344  3.974865162977387  1.4610901406201844  4.150491207540886  14.007150341023511
3.2309130779765973  3.053302527990206  1.727698644928719  2.972077015330759  11.812042129337454
2.4960501644295263  4.587861387544705  3.563168194189376  1.0752445924416003  11.982715145656911
4.076415601355295  4.318013252335995  2.8129832240739963  4.665818326788173  11.796262986656556
1.5213846113962686  4.658725332083551  2.0322241992507135  1.6077420154561546  9.141051002866758
1.0871016691189253  3.935039867509312  2.8081577031263487  4.661117169385042  11.579060859285745
1.500154020183706  3.77622772884273  2.068751399566252  2.8862289792946902  6.367882495686946
1.403455862177632  1.9023413208986621  4.59467770051724  4.606951419565855  48.72265487660242
3.4549984406992316  2.3978893706495836  1.0951285503628605  3.240409964564329  12.135340798886542
3.170887204218907  3.887828260317942  3.523171702277263  2.6246722745577933  11.997969249085576
2.324249249177681  2.4736433929647514  3.7540044171749547  4.182975238784662  12.392701045744833
2.812534887328554  3.1247648135732087  3.5374087895710384  4.594275368867102  12.099669712905303
2.79486463734013  1.4661271590885065  2.399633216064444  2.377522219852908  12.892089027603033
3.2946454034887553  3.700774384958154  4.888252840330541  2.4056763921607596  11.851254455805135
3.2112760723517852  2.6989939223028925  4.777287909735266  2.216571961646566  11.544086387859513
2.5694077923214724  3.394288753181684  2.9498139855455774  3.991561139900769  12.204718063455042
1.2863617088877657  4.0170174599355635  2.9351977023474443  3.1720260549682586  11.496040159336829
4.561730338784585  4.814102233883329  4.586366264722145  3.7859726848779154  14.104425869307418
2.2910353181567125  4.5971243053545106  2.8011034074680583  4.610266693678142  12.1297641743133
1.5402725879623955  4.137259849291002  2.6046109983423484  2.3335632509816033  7.473372956069797
3.1590238788640663  3.6929869483769058  1.082290344862793  2.0022184593326857  12.00309204322291
2.3423948467798565  2.1592228913714484  4.143571741624328  1.3466564858222232  11.098357976127158
4.157840035910539  3.975095492740358  1.827105420690319  2.4245864219463895  11.144821219550607
2.3833366263003306  3.6720299199825277  3.7983280581107106  3.6217240121023035  12.07456323153883
4.402764405518089  1.3534639905879238  2.5432972213094147  3.2741959260193236  2.950471331754814
3.160160454947881  4.4374069782899035  2.5509734056094744  3.7468524133044485  11.997375950491765
3.7973679394622732  1.7139641258262226  4.4422978817828795  3.8474159301919038  13.883225265173651
4.361588648045608  4.351384451059395  1.2121394421936529  2.1330502635189315  12.40365090030355
4.553762802655841  2.3968769899721707  3.219586072044343  3.8280831876649586  7.684990194259507
3.8290920402032995  1.9963611795634026  3.3912050361697603  2.07309725522134  11.682719323708504
3.172896779419366  1.59526936219047  1.6528029889646842  1.0496835621906722  11.53443406929021
3.408243695865484  4.899615754060562  1.6574246946721427  2.572850695771293  11.847877654135935
4.856834448993238  1.8113862913791272  3.877133867508763  3.7328308646736987  14.778859473629025
3.9207118195492408  3.7804169000015695  2.484710232801087  3.724783151871719  11.71801601443766
3.30063196335335  1.3040673832311258  3.9698774400665218  2.6418349211208847  12.030875110063796
2.6271143109723156  4.25002786944411  4.059201338969386  2.3278030365176376  11.977657823057871
3.5031375482086586  1.8743932380231096  3.7439049723346742  2.4614028460731774  11.925771046414921
4.002568769401231  3.271445524644758  4.65310683543734  1.039396833249842  16.45500169992347
1.7883728458870647  3.7180112819018327  1.5261300645034637  3.68580755895247  -1.8847834810794186
2.585937988940275  3.6925643601209774  4.9251108301829145  3.1266035623366957  12.53540465116813
3.0991004900896817  2.3310256179630175  1.107950533547346  2.270207122815457  11.970638738596847
4.078762589364362  4.9040209909855355  1.4039569554203637  3.2245707336782536  12.288756378332828
4.581288861856185  4.064629228325225  3.738175165014035  4.361747275623154  11.37986971469986
1.561476371766744  1.7701582613727802  3.067170466817417  3.5912293230776346  -136.3440640276477
3.6044836887779876  1.9169576816098721  2.535979704203925  1.0636522987653798  11.667941893295497
1.2760005623133681  3.1297549222030723  2.1732957789355924  2.1522445873292373  10.081406636234803
3.0531134541267964  3.1266105549242433  2.3952390767909  3.158243618006315  12.048443940962422
1.3209790499055325  3.1163091395625506  2.4880337229068292  4.9626275965117905  9.53223351814885
1.6845238775126896  1.2510762181094623  4.507935266549634  3.106746368088695  -43.462578285021785
1.057047433758437  4.122140231116756  2.219301972584449  3.183515999908169  11.572987236139673
1.6005921087463215  1.397565664178829  2.041517281884766  4.849387383763818  188.36155885053415
4.075389220316219  4.305298146154292  1.1130347660700366  3.7104273487740276  12.078654618518216
2.753136620153935  4.408661323739463  2.0638866832606113  3.655682648311892  12.094360120877791
2.106710593905619  3.054639075413932  2.3425258411528915  3.4310407397424605  13.076596555648461
2.5435517807665806  3.938382156413002  4.133361662870921  1.5414893428996481  11.912665753282235
4.915448708033217  4.790358612233203  1.443820317701991  2.7870482125154035  10.351446689057216
2.941187749971444  3.895908857059695  2.4853357406227765  4.908391797695004  12.058487906671084
3.5237825941212546  1.95116351204156  1.315120373648531  1.729124221434295  13.123454583171215
4.4024925743049925  2.6569543351922262  4.690657671377914  2.716826426585037  71.17235317437385
3.3426388703825562  3.1340256814519156  3.2289091642827183  3.9623642462641997  11.931353431341217
2.8058719625686352  1.281773404856973  2.083810177290405  3.634067179645861  13.781262644143654
2.0656462069401003  2.299498678242718  1.233553548385356  1.0699269532567088  8.8946026658954
2.520130921994665  1.8317219960091569  1.0250335561201886  3.471316226332029  11.723312001802414
1.4326795921816222  1.988794918211946  1.891043953530255  2.975861730349058  -12.254273975974979
4.8042706410551625  3.403272152000259  4.845403606134113  3.4227053270337104  30.853629726175505
4.930526215922317  4.934627892052632  2.966310479528633  3.3774883471820574  12.27146186535102
1.512857718775432  1.9221089741209867  1.6158242288304145  1.0375499818514307  -324.41930631199966
4.7200852710256775  3.665126156877357  3.7207375126643485  1.1690097450621306  2.065106008278425
2.3861921773776267  1.84554156842551  2.980698422463549  2.7027307924099677  13.032142143925965
3.925655243215392  1.140322530239796  3.4501251695842132  2.2295537577135116  11.075760388999903
1.1826025648344647  4.056607922510247  2.3179938251851997  2.2041454655001873  11.525186876818102
3.0680619078603217  3.627734719281493  3.7399427281093574  3.8113442723220925  12.007708639109685
2.0184270509071385  3.308097880972922  1.3552938128964964  1.5068100878705395  10.09887705368614
3.857901095660728  3.4837684699868348  2.79531366561697  3.5004714855435903  11.741301315704622
1.2891307675315824  3.0619150917638374  3.8245022301574867  4.386913520242093  11.354559978928744
2.5888067085793893  1.890018833029751  2.659308550312713  4.509550347680792  13.135031634659587
2.5345838269159664  2.5039082174708014  2.326937401693662  3.4229868657623435  12.780483505151908
3.596685341491151  2.5894054372867057  2.9928103808848214  2.8867085027913904  11.733316820127206
1.9773271875053346  4.49417462917923  3.6688827368846457  4.876862973119225  12.15607477653986
2.1050568818130575  4.030378261214926  1.4970151588278497  4.889601993895014  9.848285183719248
4.911702102757067  1.3980342410672417  2.6910444960901505  4.250303916133037  26.170060512048266
4.4973026487466985  2.8745615717331527  3.472542423681862  2.8898124307073068  10.887634780725934
3.6735540989195967  2.856048727216723  1.0420777936947352  4.184598525382882  12.056919144483226
2.6945120891737115  2.4330844475187106  2.1967123176863232  1.1678082845702744  12.388438284731535
3.9068699208310287  2.877767670236484  2.2371674641947132  3.5851084948881273  11.173677525663322
3.736032949491059  2.2108736093657506  3.844805997753086  4.069930934512378  11.75289975867387
4.909702053838057  2.0309844936619963  4.310863008616587  4.420199364801121  8.577940563416147
2.534538976075516  2.360271180808048  3.976617661455853  4.277389452114431  12.137212487155427
4.944104019808435  3.3563331914108314  3.844760882883678  1.8962682130300101  11.81575372027342
3.5967192703917434  1.5418875804435244  2.8633415158360678  4.246280802482971  10.911946288217015
2.803082044307992  4.938706707613368  1.3634684163037911  2.2921966351761447  11.94061222187755
1.5653453569785052  2.5905175919234713  2.161360117784715  3.892990330040884  -223.29107885745188
3.22378389325764  1.3473893340437222  2.0973671457190526  1.6045566426205382  11.718262145747465
3.8617654148145117  4.678641301094313  2.9808356485626772  4.809238322360727  11.915248023433033
2.814840360987497  3.5136215273845632  1.7712904228040345  2.578798811024218  12.355439735888138
1.415594173970248  4.613404490955249  4.892688800318346  2.9963209032561147  9.496050351708124
1.2339598418089497  3.707716064420254  3.07013080533854  4.263497949000287  11.360355045008141
3.1987883425792454  3.811437968301189  3.8246073865817887  3.422005700894468  11.99683490338274
1.9291080763648978  2.3304702054536084  3.243864954400266  3.819045461693531  13.928038963350508
3.5852082255929862  3.748330085889944  3.3846942974566865  2.5518920530987246  11.953733755258888
1.6748884918469074  4.030632071745304  4.246329875162747  3.1459927116620245  11.141135010907615
4.797442395511529  2.7174240053871417  3.5022703842479466  3.1280887545035294  15.547418485312324
2.539627716004344  1.5492322267373466  4.967558360302222  1.4911025641771487  15.706420779046445
3.0558977214955614  2.059776880665695  3.283725636126712  1.4125987401475153  12.01329501137929
3.265179219486734  4.5828426569556004  2.44439369803656  3.373076925967165  11.984350573786987
1.4992134200647373  3.209991460230174  3.85419071581853  1.2441028645972234  14.180264389888126
3.100131972528458  3.3239289397539054  3.1567093758593  3.089440775077722  12.009975115580296
1.3007246730931765  4.570129164887522  4.2127124076224085  2.750682197952808  12.184071495138328
2.979965974002794  2.2125744732283694  1.187658254846672  4.178198229820973  11.887479629335337
2.276260759813994  3.0674335851156584  2.601594518322858  1.4057042597606593  12.308191669108874
3.9892805224036243  2.4176387425805648  3.5092404073595063  2.282172330410763  11.733406182485135
2.089797345070769  1.0250455083757188  1.7241372145422087  1.110384665448965  36.77736662141011
1.9785519147965056  3.817009087527621  1.1248911726542286  1.9824240972061444  11.569972915339152
3.153668739302851  1.4946837383889244  3.7962075470429664  2.747726350357367  11.996045973426504
3.060490827002889  4.488689627062951  3.247034352189851  3.724351778357934  12.006624754044362
1.5399734675688315  3.345296816443714  4.655431150561521  3.6043917250399375  123.50713091201095
3.811003397977272  2.242185997739678  1.9104005570783142  2.663028647115064  10.078482238223692
1.532748470719659  1.1133797292555565  4.059342794596757  1.4378812711278481  60.869734665471555
2.9915316476291776  4.360649441878081  4.034657649415421  2.122577478839839  11.994326501945617
4.532226193361973  3.902889276442619  3.2750995977951147  2.8269380795857955  11.398351162712046
2.450202861681826  4.89869846890988  1.3783211373303392  2.729935388127904  11.847188758075994
3.361313632820358  1.5418970781455066  3.805382711336429  3.646668381545081  11.853310169579146
3.8182795280485857  3.561394866286213  4.30828880831676  2.7907622214740586  12.179578990723352
4.921113514766416  1.8881933959250397  1.6274139875997333  3.732233310012319  93.2873577031233
4.277899433980428  4.911664563754897  3.896455167384018  4.081524682214811  11.955678380493493
1.710132489189355  2.8184036250312006  1.976632312609957  3.5244120862559023  21.161684373983363
4.931567028679798  3.514191294517063  1.4099942400836953  2.2064720028861906  7.690734020211591
4.886570898301992  2.2887104969548338  1.1280382274912664  4.027647667040821  9.525065607600439
4.3603308027278445  2.2836112618278923  4.4608235232484095  1.5933461914353124  17.70118038892689
1.053044512850699  1.2363938773425471  3.773552858915473  4.869633591495482  9.396759298099584
3.3355863322357946  1.9863759739553766  2.410775052326896  1.9717641708212863  11.745239691823807
3.329026059495483  4.379012720949603  3.7324891564505616  1.5568756825225454  12.003255448445387
3.181015857107589  4.334064747503121  2.392867587214317  3.0003072932063777  11.993706078158025
3.91150502936328  1.6035671298621756  3.4464162915965826  4.91124212767852  10.505713083747395
1.110840464342553  1.7488903810159928  1.6190871135457048  4.101986030967673  -34.571849889258736
2.384620463342422  4.125298608918155  3.893861871918115  4.699080272269186  12.056010009541074
1.4553551014686645  4.589798017973205  2.4270197352920313  2.3649400230377187  11.091884217035945
1.512607811412134  4.501319068840188  2.421451179713405  4.990311399096445  9.160644813122312
4.794167096069999  3.87256628171205  4.50982228797183  1.7105282852959807  5.4019987093401145
4.938099933124178  1.5369121033253181  3.045781405300572  4.985798334030001  21.567533904485806
3.733700713483963  1.3348418390425776  1.5271447430354312  3.881380574414563  34.877372001951656
1.7229141234287986  2.8135250333528803  2.8665827155674792  1.915489787435587  14.188681325751539
4.782889744659474  3.6847237322831967  2.172014412178803  4.927056460220185  18.511112071690246
4.43671890045867  1.751082482801721  4.491074154598292  2.938172184677701  24.39576615059196
4.2065956430378435  3.189521288607415  4.946133382555116  1.846726753844314  9.852071752261065
1.7586984710056965  2.6096968980636635  2.2589013929891384  1.3793731298869054  15.569680768229034
3.889684541716602  3.1322984424440383  3.36182102959742  3.2812766104919593  11.765780750591235
1.3592846834839318  3.5160425804482704  2.3461836862553023  2.5528509466610108  10.37459457614602
4.4579065300451175  3.372937734940364  4.843712317295517  1.3384680880209188  5.781494610475431
2.0365027401386575  1.4090028884677972  1.598023956843988  1.0614509468730575  119.30372585254112
4.819279488526849  3.1453688865353895  4.860607335354429  2.803822493933811  30.604659225312872
2.3702490822829674  4.7415958367708  1.5858862319493947  2.9156882054305253  15.427133321176358
2.8686110487749135  2.713470748108602  1.2033149718093146  4.46871819859861  11.877421549973167
1.016171277219323  3.9180466681135817  4.616544488140406  3.9065168153623633  13.740408547755312
2.6076365642678803  3.5676127038783716  1.0762443249786755  4.740381593016338  11.970132880711363
4.489535425125593  1.9151046229968314  1.2523928006876455  1.098143042544462  23.46868305271898
