-8.836487895031897  -2.3721421163193868
29.257241117622858  -2.4081747230386266
47.967662404116936  -2.3971302650980624
21.668079348978814  -2.2587277959647794
-20.03455891194779  -2.4204450255217056
-27.053177544914657  -2.4221344928459096
35.49830597528302  -2.405042845341911
18.905378039608028  -2.2927468929327635
-28.00263689785943  -2.3348876522886375
-29.533604790422185  -2.1762572744090876
-25.442699871494707  -2.3396525025403174
28.400075981299523  -2.3163034310238646
-16.567243182874996  -2.2015415677233605
-1.6441691645353917  -2.4296502246966547
-22.226971471849605  -2.2696263858916432
-43.27565883377659  -2.215593506393888
32.67689351737779  -2.1761898699585394
34.99513521524267  -2.355091575768892
28.496142207675483  -2.328599220704971
46.236741627149605  -2.199214429639756
-11.191091353919164  -2.172476844727132
44.89240961849973  -2.197355540991687
-42.164375905015255  -2.1739494360448
32.86316277358084  -2.1709910993182597
-13.012408465188773  -2.356081275058921
-26.71881423276494  -2.4299848307986047
21.88721802681769  -2.2865133388451278
29.490685998346212  -2.421919139026769
36.53634410774828  -2.4193276320556296
-4.162254282053207  -2.189180965800341
24.509580404613494  -2.3758686214513105
26.480623388371967  -2.173216544656564
40.56742910670192  -2.264914725646347
35.03938447414695  -2.3602462730055502
34.498343194689504  -2.292311609708875
0.46388587324483477  -2.241834529933098
-34.08644243319237  -2.358999983174799
-25.277805438421392  -2.31879227548809
-35.8859829616806  -2.1737984857862034
-28.49066944146177  -2.272095233837581
44.55236163824393  -2.2298407757855903
37.99681607817439  -2.2618675937619916
-21.831741249633772  -2.320635299649313
2.9252126445781013  -2.2720895900766274
21.784043858989254  -2.27326844411584
-22.56615004838111  -2.2293013164867164
-45.54942339929771  -2.4299991244853856
-38.39571287109255  -2.3834098581878354
18.890451467714836  -2.2946850607774327
-28.02413179663169  -2.3321879684780593
39.055980592046716  -2.1729633979867775
21.142765155933454  -2.2024723739799046
-15.204550179686155  -2.3627143409201397
6.301096041806109  -2.297671728985934
-12.962616398364752  -2.3501745067539384
-36.705306298337334  -2.191045962126109
-8.724860040672343  -2.383740137896371
-3.3208925949157084  -2.276815698430817
-1.3602538557401622  -2.4271292993571913
-24.041331400877077  -2.1846538524803107
7.179945497807438  -2.198429842439613
30.2427447215994  -2.419858352255231
-30.743728771582017  -2.219048071643431
42.90128222067042  -2.414716643295832
37.50497092922814  -2.3250800756826644
2.857677333617281  -2.2635848731640618
20.874215375066495  -2.183161192130461
-6.555274532789928  -2.334936770432233
23.2557733949853  -2.4239542853336657
34.468196078495744  -2.288403430703767
-18.496918855296446  -2.2551014059507217
-23.820973530225498  -2.1743368984174647
48.28473285543087  -2.419228128077791
16.456842619344513  -2.3885063875885884
21.911172731382557  -2.2896142200564156
12.747177562765104  -2.276622954600463
32.8640472132862  -2.1709769793106126
21.188701882875687  -2.2065223860361507
-25.532647879494885  -2.3506132068368566
43.27884870963592  -2.3840906773779778
-45.365848997190824  -2.427727718407106
-13.894901253390357  -2.4262035998960383
48.792462821364026  -2.429379076638894
37.76253809581306  -2.2917601144299953
8.594923377017011  -2.2040816806970174
-13.748586076345482  -2.420308196720113
-12.985564421794898  -2.352913145364805
-6.246854266422774  -2.2952780036571387
34.91862881658868  -2.345930626646904
49.47181095445373  -2.39268124437462
-43.010811783507705  -2.192655817576823
18.190838914556284  -2.3795733631053
-38.44993285383071  -2.388691103104882
-11.501238761056564  -2.186269135476791
-48.337799000334826  -2.17819144673169
-13.413789190657715  -2.3974446470044746
-25.713313621268487  -2.371305342157346
10.99249874550081  -2.4299993851681503
28.99050289233971  -2.3853449584119084
32.9033069948145  -2.170452021259897
8.459604783234964  -2.193120823141889
-15.757496231467321  -2.293563347566207
7.8554524025490124  -2.1700001406053873
-4.444021505730627  -2.1746533424974395
13.594688000937804  -2.188663900461408
44.60593018984007  -2.2240815376203713
10.202151384138048  -2.391183264449433
48.93766254787527  -2.4261814022476305
-35.54826805809768  -2.1912632367022553
14.501724894920876  -2.1785434104620234
44.946115177259074  -2.1932212100941304
30.75585120785237  -2.3797129266446078
35.83278797714638  -2.4243643222303146
-49.44703135763325  -2.2050885261292104
39.889911441274535  -2.1941960477383917
9.500179242018653  -2.3097928810725015
-43.02887122024636  -2.193997540720233
26.07091295757377  -2.1951578003408274
44.94521343546706  -2.193288118062497
11.139850898277393  -2.428649322261029
-43.982522851243445  -2.300029341127975
48.52678127608369  -2.4281718184630146
43.168922122094294  -2.394459315791745
23.65537321683895  -2.4294330373392423
33.610610553574624  -2.1944902545253324
-14.492091819868753  -2.4218974376891254
49.33900683888135  -2.4039360363197004
36.037472385128225  -2.4294639579505377
-6.38502270627222  -2.3132159906902476
-4.815787587401365  -2.1706943137533985
-29.75079995457332  -2.1705779540466277
29.773617828545458  -2.4296677303018086
-27.30219146206266  -2.4073923407017404
-1.6733929207315756  -2.4293164059744097
44.93203280397421  -2.1942759776209173
-48.800253166509805  -2.1707237134517205
-13.943516254243743  -2.4275700696558826
-13.966654599618566  -2.428114734593805
49.05500397965288  -2.421652024830343
17.30701030795287  -2.4299481267683585
44.09353574039561  -2.285568788330099
14.144051916401285  -2.1700030811752984
-25.966836584175702  -2.3962895740626053
44.74992038502141  -2.209724494046327
25.306558062600043  -2.2775174202799593
17.620457571942588  -2.4224843169266252
1.9638686690332696  -2.1799142384209578
-3.963796582568957  -2.2047558094128767
-23.798732629967567  -2.1736274514177696
-14.538687167228638  -2.4196608303783145
49.703774179951594  -2.369242259968758
41.35971312683812  -2.3644825433281045
-0.09142661511528094  -2.3118689088020488
43.74263577248053  -2.3308585805034765
35.9791338560869  -2.428556094941867
-27.851667405974155  -2.353325184980263
-37.943071227400175  -2.3314010649590853
30.52113424350051  -2.401410288112575
18.468709485447377  -2.348321830922265
35.3772359291597  -2.3950238320452537
-31.280479085961105  -2.282445622086545
42.93362001266793  -2.412679352340101
-13.037772692608785  -2.359037665482545
-26.66024359430061  -2.4298781851688895
-11.076946550428074  -2.1704301565022224
-6.343186892954128  -2.3077955266220482
33.67642950181987  -2.199713746801579
25.209145370218554  -2.2900771224705654
0.42331073174603495  -2.2465984433030832
-2.159497883010414  -2.4081161096527954
1.7449314963741358  -2.171966023196019
-38.45305196460538  -2.3889871325933996
31.399448888602922  -2.3021419972153154
14.733527298625804  -2.192439918731317
29.837568106029234  -2.429996282966525
39.3879993694507  -2.1709054066100526
-41.77749695714545  -2.1952639164636603
29.84804170769591  -2.4299994490068255
-8.281800756143525  -2.418283455110889
-21.13931238264855  -2.3978238292251346
43.07447829002918  -2.402461215675908
29.312171855311185  -2.4119700075832005
9.056873008554655  -2.253244021971787
24.44156026867964  -2.3828681813512085
14.020757390764333  -2.1708798326843577
-18.795404305331758  -2.292963729926771
-22.746225571149964  -2.2109051837171374
0.19585204350319185  -2.274701693223489
25.122157676267566  -2.301375836133335
-20.22574323295896  -2.427546036058719
-9.03060974156779  -2.3499252422449275
-7.984893615375305  -2.428887623469568
-40.667336790655646  -2.322425070609808
-5.828790064499789  -2.242940529539262
-20.18386473342456  -2.426381698053859
-16.70944988364338  -2.1905044740467616
24.268386064090308  -2.398887989113364
48.198877446410535  -2.414345955299642
0.05093023297563226  -2.293381931667929
-15.355540680321445  -2.344872426523595
