-47.98077976873344  2.2004860787883374
-41.90252886572387  2.1415181149747955
-22.866274747697663  1.9216430191324363
24.806285918991218  1.9474768196861967
4.8586420136432995  1.5865502574254153
-27.723523831154285  1.9844907250989654
-7.252062485318439  1.6500854981313589
-21.556839201043655  1.9035814630169137
-15.906742625204389  1.818482352993768
48.75879197527507  2.207757447990458
7.14328147344982  1.6474499343809148
-17.98517939112625  1.8513161812517693
44.717894109195235  2.1693287125393934
22.644804592033417  1.9186252481150157
-21.879090688823144  1.9080761733871103
-49.98883354801993  2.2191361634499738
-27.38581599607896  1.9803089668185585
-20.90829012609649  1.8944325892235643
9.634706339904959  1.7035177036319396
-38.96823761170538  2.111519079035004
-42.50674007017615  2.1475635121841767
45.09910378193636  2.1730262618700107
-28.414067018828582  1.99296300955982
-9.14282660891691  1.6930823955491976
-5.425163533959754  1.6027957458814768
13.623959535951375  1.7798384271372796
44.796334900048805  2.1700908342298666
18.849364765861843  1.8644061166775794
-25.171358664129755  1.9522238583675033
-22.057173680341368  1.9105458502010877
8.966807431173285  1.689280163361593
39.814538613866816  2.1202839158330176
-12.782311424155518  1.7647806612459562
40.33940609144378  2.125673036343927
36.21323237548914  2.0823066068657266
-16.68481288761886  1.8310116173877544
-25.254473509576826  1.9532997798192255
18.72258019642165  1.8625047602638807
-47.031351262580785  2.1915322968561575
20.20009988613518  1.884278775992834
-20.2457997262802  1.8849393262331877
-40.5789892919372  2.1281213190310577
0.25896058513675824  1.3661546210692135
-21.313792078810074  1.9001692145819296
32.82621256435567  2.044824135173942
34.26482000840084  2.0609700770345536
-6.245590344274304  1.6248853287211287
-10.290210972203656  1.7170186631677793
17.069765396411157  1.8371024438590358
-38.11311467690767  2.102565659643957
-29.96537169708781  2.0116282608783775
14.351574330907635  1.7924851329657974
22.0884237589639  1.910978200532957
2.3284398942376274  1.4983699428154778
37.19348731932434  2.092824025680719
-29.800067009138427  2.0096626892083584
-44.22651043560501  2.164539198857822
-9.065319591383481  1.6914126991991711
0.3920281982526197  1.3813958017987984
29.70663189255078  2.008549277738753
14.56652117545756  1.7961594581031715
-47.294720849682164  2.1940250457116
14.78896841419331  1.7999335617858307
36.236614187259306  2.0825591222167708
-43.64113487386604  2.1587986838417583
-42.19769411702081  2.1444767791820283
29.284329209921054  2.003494963484221
-7.473397505431922  1.6553877007463813
3.302911771812611  1.5362608916931306
9.772481580372643  1.7063925918472158
21.280545553825707  1.8997009420199826
-32.204696666634554  2.037739367030203
29.07227946719781  2.0009433094021536
-36.101217180589956  2.081095749797661
39.30938621081618  2.1150635723443867
-2.5521885689200605  1.5076824181647281
-24.966077424833905  1.949558856824917
17.294582217937222  1.8406278197458388
-2.415715445315969  1.502053436065413
-43.55365696253907  2.157937528417373
-46.80305520912971  2.189365860056643
40.51755674547308  2.1274942350243267
30.658727178239094  2.019814204716912
-20.84787547802699  1.8935731594156326
-29.289362664045676  2.0035554200078143
-38.69666682802155  2.1086863850675144
-36.80422814493439  2.088664349168511
22.465949275988162  1.9161773630734904
-6.806215337690924  1.6391534154434784
-11.518903294606286  1.7412136281653665
-35.30688077702441  2.072454713968212
-18.398838802799407  1.8576202791930276
-7.753547712526087  1.6619875085437217
-23.1547289129682  1.9255516914125983
-21.01925745985315  1.8960079286985354
-42.08934331311666  2.1433919029678146
27.547629430359333  1.9823158633456157
12.772400784157073  1.764600444739622
36.714905823335144  2.087706740109772
-11.287794436155146  1.7367650695408483
-5.9272396982553825  1.6164969998286176
-37.35804555511977  2.094575968603081
-35.47555415095287  2.074297659270066
11.814257580418907  1.7468343687643997
0.09212979658977938  1.3394587577397878
-7.6157334730282855  1.6587560392441891
-1.2679351618808454  1.446383415166426
6.686037711240267  1.6361458572107659
-6.379185866327192  1.6283416530702883
26.794053600130297  1.972918647268897
18.623641482670845  1.8610165247629853
-4.7978023073227405  1.5847505206206907
-39.67578417251379  2.118853315628314
-49.1704279646021  2.2115811717021012
-30.235781674723494  2.014831945496861
27.88266959657698  1.9864525593092002
31.576530852250666  2.0305089810556995
-39.621727309830646  2.118295296049133
-39.49910838176848  2.1170281094625127
-1.8360862568029601  1.4761529384937135
-5.408666790060507  1.6023350273323
38.21944637467953  2.103684417997565
3.545689343828845  1.5447900118687596
-18.650381674582018  1.861419139592191
-28.683107318060795  1.9962359612051275
-14.11002231586494  1.7883230254023637
21.166069064204656  1.8980857523675505
18.18636049745612  1.8543911005842433
-31.272179962445577  2.0269799456417834
-31.07561617845501  2.0246915988307643
49.15626926241832  2.2114499166355053
24.79933954239674  1.9473861585379355
-10.671809951141874  1.7246805719294183
43.117935245359924  2.1536352298532337
30.093855195334452  2.0131522648082614
42.4405396141679  2.1469032527269203
-24.07499788574881  1.9378616341097454
-42.16747153289443  2.144174311920184
34.32170463486621  2.0616014760550554
-13.27074543842785  1.773577446580209
-40.66512238344281  2.1289997396140627
41.59276210376663  2.138401860418771
-9.005988953523419  1.6901297390798935
29.0516931748334  2.00069509392794
-46.531690386462806  2.1867838335982572
48.56906466587208  2.205989620720479
-37.53526950307445  2.0964584449938104
1.6216335171139962  1.4655463875752852
-8.917851128808612  1.6882160275888485
-5.563104413607406  1.6066210439450712
-43.2405161009128  2.1548477771541705
-48.615040852210164  2.2064183307956386
16.128085276217274  1.822077236784053
-16.20030461957062  1.823244826128977
-22.441231455496  1.9158382998790207
-33.25246628185937  2.049644369126737
14.356139448868104  1.7925634544765487
13.603187195286992  1.7794724847166417
-13.160752274303178  1.771610764758104
12.505031724906296  1.7597119056005799
12.937441572193464  1.767592517658345
-29.924394978015638  2.011141529604666
-47.50421099641598  2.196002882718259
-46.22908820635265  2.183895689935956
25.086812637498827  1.951127586248448
34.245053062391  2.0607505483102906
-47.65550483608582  2.1974285663660647
-0.9700690962606562  1.4280397115226564
2.0514941070785664  1.4861994908951897
-22.268934199242185  1.9134696308434451
-7.7250324414039175  1.6613212535400128
46.05060244650911  2.1821877245496015
4.791124281547987  1.5845522805358638
-15.315200615449875  1.808750322261424
6.267835791647003  1.6254634002139632
-36.286430435207976  2.0830968486432666
-38.790415337513316  2.1096653748333165
-7.997218516997479  1.6676315994814068
17.192166211165528  1.8390246830792607
-5.214735986480202  1.5968653536058315
-4.416971006578746  1.5732156840504967
43.67221464278518  2.159104433385761
-29.99142848570368  2.0119375965689636
-5.072962776866524  1.5928021019887737
37.355785794792226  2.0945519365856384
-44.256346422735035  2.1648307664186226
3.7577821160169056  1.552004995507402
-24.9322490626845  1.9491186402803176
31.083622541049856  2.024784948066489
-26.32196339046799  1.9669641529339557
13.273619486176536  1.7736287251807934
-46.368101324295964  2.1852236510513046
46.090609673543895  2.1825708489877127
48.52865835981077  2.2056126800574303
-49.62752058126137  2.2158084394802864
-6.841955326891363  1.640042710588632
-18.613038705517187  1.8608568035811284
6.3869286639287095  1.6285408565466328
12.264152780123089  1.7552627614730643
-34.57078227593723  2.064360007106167
