45.40264229662031  213.80940888653635
15.31699923240627  213.76045865643889
0.9352239239014237  85.64736679962495
25.167970149966816  213.80918576350214
29.019810886221016  213.80938178096065
43.89970704549983  213.80940888211637
-32.07223440743165  -8.961593468543207E9
-44.444960813969594  -7.814746181713894E12
2.0506244613941793  144.19953442786436
-8.513194437897564  -22343.718534120937
28.858042496405123  213.80937927168398
-15.61297562478553  -1097884.6035882572
24.591832455035057  213.80910306195213
24.50765677832642  213.80908864475444
30.978598578462435  213.80939960922387
-30.293438783094118  -3.38557706795685E9
-33.86694991219678  -2.3928821871848114E10
-41.3768604755896  -1.457952378271549E12
-8.143000584896203  -18207.0721854874
-19.036718380346873  -7150272.32107859
-23.583317293776172  -8.607742804902832E7
26.196178836511958  213.8092817785158
44.320048260014914  213.80940888373635
38.623617537822035  213.80940874853397
-24.27321337871759  -1.2556015885594842E8
-19.55079569065912  -9473326.852732021
8.271503237071038  211.49626318912536
40.07617839061093  213.80940882610994
23.957690440170538  213.80897618799082
1.5471498535832628  122.11819050311523
-45.93655670251096  -1.767709384334392E13
-20.132009868129515  -1.3020805272908762E7
19.10660068212383  213.8032555675464
47.151101483600286  213.80940888866957
28.513015926765316  213.80937311660625
-4.492992198893836  -2285.6225246728136
44.315517192299545  213.8094088837208
-12.059172326999846  -156835.66306642682
21.184262869567664  213.80743497764308
2.028355860694303  143.34606394258523
-45.38003613346578  -1.3036078093089277E13
22.584606092834036  213.80849157354024
-1.3570111029718446  -235.49127994513057
5.2937587012669045  202.0089100467983
34.52020058266366  213.80940755377588
45.627904555383154  213.80940888693806
-2.003456838721979  -426.1800387126497
44.22214804844404  213.80940888339165
-48.3925647253792  -6.7781501801674664E13
37.701854630007404  213.809408655728
-35.24238473273878  -5.0793742391108055E10
26.648808385839157  213.809309667116
19.224674570883515  213.80364058824298
15.193983365070707  213.75704993230687
-13.647334142619961  -374312.6845876049
21.45216166333137  213.8077041488534
-16.916507033079498  -2240784.0025163353
1.574740839560257  123.49222064722636
31.935938169979423  213.8094033938213
-7.523504468014974  -12910.594528701973
25.275671942358073  213.8091985341948
41.09762338634306  213.8094088534679
-49.67307498775676  -1.3659666588596727E14
24.5230346837021  213.8090913284276
28.687965905099617  213.80937638268176
22.687829418310994  213.80854195427162
-26.411454558321996  -4.0460524897888064E8
-19.43612368645768  -8897104.342229655
6.472102873097057  207.61710195989698
32.17893137739471  213.80940407816706
-4.296825335743843  -2031.2087697843278
-36.31297012103508  -9.125316012817534E10
-10.927235153224203  -84317.53576554524
45.83243952376102  213.8094088872623
-9.580961002211058  -40249.302147970426
-45.256387062495804  -1.2183168217729902E13
41.65413469644736  213.80940886305905
43.163023454216514  213.80940887820205
-3.714123490731569  -1418.241297501969
-0.7166145506459332  -102.6653065089648
23.115677773672296  213.80872292254503
2.492550600327581  159.15292329356498
6.729718007847057  208.43133097576484
-8.458708131741426  -21681.0503367345
-44.59951814515626  -8.504471213170776E12
48.368983351931405  213.80940888931679
40.48734433508639  213.80940883898302
-15.18718048825587  -869639.1520590533
31.755642907961395  213.8094028238909
-46.011585133456606  -1.841799246536205E13
47.00650768413712  213.80940888856003
-14.744209206618786  -682389.3720667078
-36.703723409872154  -1.1300956612000356E11
-34.28174473287367  -3.0026338451918953E10
-27.601721620756987  -7.760918721131955E8
40.04188114564985  213.80940882489946
9.339970821582854  212.5203623107941
5.329152930153863  202.23527516948684
21.820786419630377  213.8080155719424
30.445576531333828  213.80939646594118
45.920459227202784  213.80940888739102
-26.025941999947232  -3.276496347558146E8
1.2915208309576265  108.35102668418108
-30.194723188112683  -3.2075374472373114E9
2.2576554814504215  151.65565000916436
3.576782106092846  183.61261488732634
42.49825676180479  213.80940887302552
-34.62881867155703  -3.6306864046305534E10
-7.939126790031681  -16262.40034805077
25.28081598331426  213.80919912551624
-14.23790327556459  -517200.5967424222
7.480735340092859  210.24375944807755
-24.862230774058208  -1.7331623341287285E8
0.32174335705041357  34.51754905910342
-20.0464253322657  -1.2425025573805789E7
44.305978511253365  213.80940888368795
-8.07577088987102  -17541.67202004218
49.67519846985302  213.80940888966572
-23.240067718427937  -7.133646802001165E7
4.235692990415157  192.75405173463975
-49.429439141968054  -1.1954655431548495E14
28.74799381241559  213.80937743318293
-2.381708582274611  -573.361367132992
24.67287996273832  213.8091163297072
-14.85410206316446  -724698.8572103132
26.20168988311355  213.80928216128768
37.96120982746554  213.8094086867262
-21.29539168404656  -2.4611218026577145E7
-24.230738622278775  -1.2267531849232027E8
11.563322834135814  213.4275861102293
16.86965210458156  213.7884799207681
-8.785951194225984  -25974.983432170433
18.753140602917977  213.8019424465307
3.6890402996358373  185.41183064858876
-9.8508876083867  -46690.27177504993
6.0785464155429905  206.12897109511877
-14.44922084827136  -580631.8120858743
1.9217539985231347  139.11321194641957
-28.529814502637485  -1.289691381649296E9
-13.59221106888356  -363183.6385206309
-2.098047639404826  -460.1806221131933
11.87183656095933  213.48690142038234
-2.8453275249769208  -800.6943713733422
18.91736104301373  213.80258417080557
-23.1645038209922  -6.844675514318137E7
-8.150270350594385  -18280.501728314386
-36.75689755190829  -1.1634633097708167E11
-1.7264460710262552  -336.1590956691053
28.57071091512889  213.8093742284305
-7.096532861807542  -10175.92793450157
49.947253878855626  213.80940888971196
-18.29985777624698  -4777406.601579749
12.133148542639628  213.52987414788797
-23.568924246419563  -8.54021078581713E7
45.909664341141394  213.80940888737555
-0.9896849025635424  -153.67382037708808
-3.316641889624772  -1099.1983364427845
-7.2028996340992855  -10798.640140539266
12.28679887590926  213.55241729918504
8.187990568736936  211.3880966623251
4.591175611973686  196.47624579350378
45.193389559926544  213.8094088861161
7.619226010719155  210.5040041703812
5.922996162685434  205.44655720726306
-17.124746956401744  -2511280.4800243964
30.6199523216574  213.80939759669747
19.765047267576254  213.80511726470172
3.075644660713639  174.08455813932343
-14.805234971433862  -705570.220016648
-27.609027627920252  -7.792009933507583E8
45.1682451089437  213.8094088860623
-48.390687609164644  -6.77119104701512E13
0.6565417010676089  64.53283648924493
-17.21541437616971  -2639035.492123448
34.881793483282934  213.8094077936674
-28.950560631548267  -1.6236083330154455E9
-11.59900229848147  -121873.76103235505
-30.805520611945035  -4.48059010490091E9
-32.79262687016163  -1.3292152470038761E10
36.58697078475333  213.8094084587927
-27.201363159830155  -6.233945844451054E8
-20.937790597905327  -2.023690179522175E7
-43.84905731909725  -5.64015617032741E12
-40.824245348028946  -1.0774759879957515E12
35.58134815279977  213.80940814237363
33.261140297987154  213.8094062285987
-15.257256493856964  -903644.3137358625
-24.38014305748902  -1.3312666220921795E8
14.934145654650932  213.74904953369597
26.79009360334105  213.8093170496167
41.59193572637034  213.80940886212625
-49.99395324289224  -1.628173708522117E14
2.302862685094392  153.17441274882037
-44.0657123456396  -6.350118707560306E12
-15.557355591266099  -1064964.9146633989
-35.40837134748524  -5.5623582874719345E10
42.15232075218445  213.80940886948778
7.174313326775195  209.59279748465585
39.73834458854239  213.8094088131359
-16.700768645137952  -1991232.344882855
