-18.398035826936443  16.940293231653982
10.84803812664415  17.63429692171497
31.18076162982493  -1.252463916352732
31.79915168671677  4.685023013944219
-10.187122396431619  -4.128656182765114
-44.53180132435734  1.3552090452933987
27.047105749417593  9.426390922172278
43.30821454333083  -0.12533527744617956
-12.667255757544238  14.390053035316392
-14.500438798135873  0.8876543207164138
-1.60054645946065  4.67712460516613
11.505285906969664  -3.9394696739308825
-46.29069685233585  -3.616003639102801
-37.219805132541204  14.381461719330428
-9.811280632012659  7.884485080976161
32.36182289066799  0.4522666560626183
40.405580291015994  15.2130578530859
-4.9228607110082585  4.7272714598236245
43.47305606949705  5.363731462058746
-22.069941527752672  8.932952481700362
-34.58219270711134  17.63028898397814
29.51117928383705  -3.6242334136432026
-13.087873249988814  2.124674756416818
49.131162108336106  -2.2144351564054725
29.496408940396062  12.499631458250844
-6.2914020973890095  -3.5867561300027875
-39.88599438012584  4.841066568902648
-27.06455444188414  14.87857470482782
-38.51927700030341  3.137332626572167
9.596495508442421  17.16127541687364
-20.873421737230576  17.867529784904555
25.3163896367527  12.473053294953413
46.288694901646174  0.01790015075558582
45.671784057418634  12.135405916588908
4.457203891607353  15.49226020139017
-20.06468189930416  14.61546571248211
37.22856298533229  7.6506659453492745
15.598242204764045  17.762368567509093
-15.419611528466753  3.5242096093200503
9.78592467955261  -0.17666447169636879
-15.232766707680861  10.71371786059017
32.480684940612086  0.5541888264097858
-45.7954650170352  11.81066647849574
-12.687538559841816  14.755324164616079
45.54578898839435  -2.6502666018075187
-42.64599851044068  16.855415234322397
-32.55254682569885  17.268882286373053
-44.40848200621528  9.637069708208609
11.248692636140788  11.175135292001396
-20.17669483694908  1.5121645559470593
23.88329899252967  8.867735330874925
-44.75173038271636  2.8678551484394266
39.69869831564541  -4.126117955129707
37.74761397187731  16.536077830016115
-43.386655182017854  12.739152685286962
-31.636198509849635  -0.8293956005633918
-18.772497242242437  -3.6368559898101944
14.438684112359802  4.001511209360247
-45.45207540086115  4.103417323801672
-8.941987970850034  5.926063768097131
38.82792781049152  3.96764356524158
2.9642344062182415  17.683398980194276
-15.753578113478039  9.84067701079838
-42.47168142596559  17.86920886476341
13.925559690874273  -1.8046844806568645
-4.589430028427044  8.024466840431531
7.919738196756071  -2.0989808237674934
-44.861723526076744  17.86961569343593
5.041227750238203  -2.8907857889468263
39.8969677972933  -3.338957830401962
21.166323349922518  7.392236174117843
25.951771541539276  10.638448331538022
-38.75247457454253  -0.588690941461202
-7.522277127048777  9.340721298354357
13.961478464506067  -4.129321320535328
19.85620893550493  -1.8305757501028959
-37.19631435092997  -1.9113233130219536
-30.993002134729508  17.867860590997584
-15.639017851855213  -0.12161633500780145
-43.78084918261397  17.345162241543186
-48.972726125491526  -0.9421956622884382
-25.88867355723716  13.394279782377208
-41.283642836687704  15.971460253537916
-26.489203987996255  7.051030516439054
-46.107672726753876  16.87250246480031
-15.679006663194379  9.690837601317813
-35.182559183466786  14.962393467221425
-16.246481152621083  -2.8623530366482273
29.19145464595631  2.905644423662091
-34.804380258952726  8.608319284783997
14.671204687026329  7.28216207492107
-39.05583708389578  -1.7094710601290553
-11.372624611354876  -3.6690742946491506
31.829604236576326  2.4341227195654946
-9.296484624870482  -4.070503476626446
28.0502352920762  13.10089080775572
-32.01464855600836  -1.008963249768378
23.832167986530585  7.155967655223232
39.87911049554045  -4.048595906877886
-34.01455290834319  12.092950143072498
32.511970864327026  3.6808415294224233
5.5787473616554175  9.44407715131763
8.277369397229595  -2.684084318261017
-5.186469400002158  -3.8414207881550224
-10.014065097339026  -3.538237930997595
33.4988165954616  17.40228682067696
-21.437808754961484  17.55645530427121
-41.72093650935223  6.1437060883983134
49.620522697699386  15.067825782392696
34.981794939295625  15.715968687686914
-2.6640670508390194  7.335906402950329
36.50189846346341  -4.106497864244946
21.98719707369295  12.111747134465864
38.10423194761465  1.914288935202344
-48.943271208862114  16.078005006327516
9.34623905432977  -3.359531382710645
-21.22283052809366  -1.3157440648586265
25.536118934950636  9.084052308989428
-25.640095566733013  8.180299682009695
26.068768914776296  -3.2415264076531782
7.457597979522196  6.156882780259148
39.080487035553205  5.339651079007938
-48.90183427958471  -3.675299196410575
-17.363397197357315  2.7456311612762665
-9.529422526727027  8.113649949168575
-48.06803537881114  17.718705326554325
41.71349600545557  -3.357900255522197
25.004440510018306  15.01636057261421
35.86086762388297  -3.7067676706796595
45.65860081838705  5.545701412732077
-11.700152222480654  17.64313931559877
-4.483380644132085  3.416085128876935
-35.78888300709205  -1.193715745591743
1.9938818493340282  14.826933183913962
-37.4944735865592  15.490510531712122
3.87018778459462  3.761912207161472
49.36162885506798  17.002495628159462
-32.100869192922296  -4.117994878703684
-15.770591727197097  -1.3878771912196965
-18.42465798424534  16.278438555265865
30.931045842113296  17.67591908386282
-29.46306079992653  14.946337127079083
12.891117112559025  16.67937027013315
-39.282048874104085  -3.7096781656616225
-30.74679414023539  17.0974641626788
23.256567180485682  8.725104868312796
-33.522367325631656  0.8684703311866997
22.398618730456327  3.6764802351240093
19.196658755115298  9.912439109766268
38.39084368790646  17.197967648634556
-13.54353232541094  -1.786491651088391
-0.8665094418760733  6.776636015023431
-40.340436586778786  -3.3074581755495744
-22.698815519031797  -1.500652211968526
16.108743974530338  17.801016012076527
-49.69373455658802  2.7053099880541183
-34.948800009395256  0.22216858366591463
4.888766068853467  -3.560731999450689
-7.816686226827913  -2.9509404392710303
-37.19385881464608  14.676896902125868
-28.38558390373783  17.148051926011274
-10.200446759657368  4.663102494075931
-16.600605799820073  11.922606988356934
-11.241303261638368  -2.475192735780916
-35.361370185651396  12.392133813359482
38.10040749788542  -4.113428624613804
24.172281186696864  12.2027398856449
21.82201091061893  -3.237096652917235
41.8382413218265  15.544416781196716
-47.80666890000872  0.25226879394926893
-23.636709547541617  0.8070465174616661
-23.545559569320435  -3.8242349199981627
34.179973727143945  6.14932291558731
2.9503949691424722  -3.5297893704581194
-27.23997039954229  2.2488067547171235
-33.08361923827775  -4.128605569628612
7.018957872558906  15.857561985427054
-46.26234414484218  13.282668985671316
40.1209414725128  10.61929931160307
36.86098995763156  -3.14909606753199
-44.25050437367204  14.890138543103088
-8.814412186613035  17.762414029011772
-23.40822569018946  7.742936786228173
-3.7492856282392797  0.19694248536326509
-32.06725210333369  17.362328734618572
6.051693864739461  17.690008523917683
-4.036874975433019  3.4530264343699177
5.999641215600338  -4.1255908200053115
-29.010733890553304  -0.050914295128992926
34.618050044822894  8.844404191921132
-49.255169601102416  -3.749464761391617
-39.19967893799745  -1.799629720596923
-35.64420529596341  -4.129984568668786
9.808243245418542  7.262921977823727
10.949954052552634  7.522731237955859
-8.651255078934316  16.88757592078619
-25.64023572255383  -3.6112261874425142
-23.372300356560334  -1.4814329217167357
-8.63968909554309  16.390699557378092
-15.239385371068703  -4.128172782514164
