-30.351461057297414  -12.494167111754445  2.5716502253306692
-28.668777543301182  3.4939465829976815  1.551328618859793
34.13129154940977  -40.3924875823501  2.1523149732300566
17.83344085036932  -41.25294817057222  1.8161736799468864
26.8603778885322  -35.197978973373914  3.6218637988044007
-38.725685509262675  47.23022755089472  0.3083611851200081
4.582577425776785  5.7997454835924165  0.8011955517238876
-2.34287841673439  -32.795879426873135  3.159283955297432
-33.39189971174622  -30.68441426437407  3.4876521774280818
-19.603871386814625  20.109075647688528  3.5758028515901996
1.2164539277760622  -31.802047077857733  1.192665576150667
48.85217296193438  30.61231565261153  1.3916688307627099
6.246098764616392  -24.9280711249215  1.9134687223956852
15.982109161999064  33.858357479096135  1.93669061264301
40.31954642164299  42.54828459956471  3.5052209724759216
-43.703985830094325  -43.76447563016662  2.358166236333026
-7.439598288572697  11.516256180144918  3.122115228029199
-14.477151163672703  -31.730656932635448  2.7313944364070966
-21.92651264986294  9.04808516469116  2.474607146216905
-11.247589325910528  -32.268105039686425  3.810548800297984
35.33242237929933  -19.61642220361602  2.587148576466645
23.565581031818056  43.590484652378215  1.9911207293080444
-5.9386972917362115  3.4779834986258473  1.835705319621654
-29.44666121422467  -4.907474662086752  2.182318776196491
-3.788901832242675  -37.81694540890977  0.4194449459766998
46.77429899179659  43.46946954288874  2.077295859534127
-49.14944573659746  30.61718794126424  2.976211921637839
11.705705083319234  -17.440850422546294  2.063217639327553
-43.94642881155209  28.602301197820072  1.0030820855636935
5.794003810593784  47.78072135394789  3.3426824728306395
-37.0398918930383  16.022642933739906  1.7368851685459976
2.0235334084724723  30.994135838533747  1.3912307657523244
22.63656451843946  -44.24907085782212  1.3940651215898623
-42.09384627371844  -0.049634745659216106  1.9235714210415606
-21.211010605616508  -10.484676496349948  3.590541712690169
40.787369812115124  8.262570622620363  0.4908092699589939
-18.036182530099087  1.2671064365612827  0.57980729907786
-36.601777598408326  -28.49687223840261  0.9159362728627407
-1.882170008911771  -45.54872853893991  2.8862678011365412
-32.788677875279966  0.7752386643466891  0.8775333130210803
16.222061059700575  37.160578201058414  1.3773540335155885
37.06392763929526  -36.1002949277745  2.1469875503226685
-25.013372405482766  -45.44523933410113  3.2009741668781864
37.37190500465091  -13.924311417383189  2.352153461036809
41.96051872365697  -10.246504872095658  0.6424765064341187
-21.807688356864592  -38.86613575567491  2.5388239018489935
-45.297831774119324  -16.638945001200607  1.5716172660513223
3.0199271442974296  -27.720776790264097  2.5170684471485805
-13.284414371694586  -10.543787520052012  1.6417261666577856
6.807001613304708  -6.9557155739093215  1.4188580504189285
39.52346901521252  -47.390472597265074  3.20583620045883
35.13503542659432  -0.31064056250405536  2.258754541353346
-12.19300453560363  27.3336069574241  3.7288606013146492
-20.184671835844902  35.04250360734492  4.087175083742775
39.61640341816713  6.217246173671187  1.4859052285927978
16.291889218333555  -38.17037272349395  3.0677720099028205
-43.15588011734866  16.89249761566469  2.024272026499977
24.585362815932726  22.815380824440428  0.8264897833540241
41.05640773808591  -29.947377715967903  3.9292740551145897
42.81895131906639  31.597622257771622  2.1087324773975045
7.010405855136481  32.11224728180047  3.5128540437788986
-13.214269306689863  33.89742814224565  2.13595514640055
30.293807898635894  -39.179342026647085  2.001545124648659
0.20748454648399917  26.622978775035733  1.9509627026123746
-0.31276783754108917  -14.246204780157152  2.6774908840254428
39.76025131891782  21.61562430077702  1.6379653098227902
-14.29922764799385  11.391883432044326  2.5348384717161303
-22.552276752216383  -34.79087537608777  2.9012339571861614
-9.235959210805051  5.85942864754741  3.691997500401824
-15.908596091384752  13.035318843853744  2.764488550079359
-26.442038340570146  29.692750107879068  1.9186465674963786
-17.99582204179806  -20.39241501200036  3.873355336791139
2.7037374229242683  23.210539253948433  2.4083399590060264
-22.697365711439467  -28.46438028564946  3.095922976605979
25.520331185459817  -8.251457099978754  1.3197861733518748
42.977797110750906  -0.6802476904573085  3.58897373086387
41.60776414478669  25.755997143515135  0.5308123318966895
-33.58261426128302  -32.235433718571095  3.334852789002123
48.954673362454194  23.830479603217807  1.4538496451647873
22.98421096524998  48.35532348164486  1.963246481130255
-9.675876340095286  -40.2429423121483  3.562703939278366
-37.75161492830891  11.990604769316738  1.8144376824780561
26.909888041681263  6.510859920975632  0.3057565906791899
46.44571915698731  -47.18767428295173  3.9564939320154213
-36.84261610288712  -36.94460105562196  3.6085254461136635
-31.959543533470185  17.92172189451279  3.1698234040645175
-11.423509480574467  11.702383375734355  1.5898273568493757
1.452139211658604  -21.018081652258054  1.8399181581263397
-27.81885874124769  15.992676402510696  3.505260568070761
17.963891180162676  -10.459928724904744  3.7896790739958623
23.496548082812602  -9.83512106950858  1.7268633559162114
32.03031404424584  33.584801171876556  2.6419705701534384
26.965582180118624  42.474008992921505  3.9033342619239417
-0.4922192471620457  14.762180632203492  1.9218920700782147
21.54166196575456  -39.74825825120495  0.31556463797465817
11.875020407257452  41.62926141566544  0.6423176946858986
-45.547516084908665  -19.984211023830845  3.5204806321875264
27.60270015580439  13.008114357990419  3.8538481868032686
-46.585742883505525  26.723784251279138  1.7960929540996375
18.627722314085936  26.55690844097864  1.9335976861574635
48.97563491396018  13.668835226757848  0.586306190765167
-1.2831915876344024  -20.999295350255686  3.738399478958711
3.1884194025465495  -16.35675537766176  3.376310073787508
-41.06551986546217  -30.56416877338019  3.7841078203224923
49.74311778919171  25.433062237801924  3.8005735423708833
11.183450580433668  43.84386738041815  2.8526331004182484
-40.164920445038284  21.010484888128456  3.0466207682563606
14.892754486394882  31.58971651462631  2.0633441039833933
26.41766248390056  35.963754699505216  1.7835248713435032
8.486402879755417  36.61312251467066  2.0816821339968326
1.8911738950715407  -16.47414926193039  3.0850759851830247
10.22027931940187  -7.708051668755417  0.9024215733444432
-40.27368223194343  10.48313781657974  1.2653597153982497
40.098214340462675  -9.77257493587636  1.721130369305218
-29.221007195681864  12.62193791839375  0.7998181738244359
-35.272496450685644  15.65562588154698  -0.08563954701151921
48.93116268625926  17.741243406995476  1.2268247441365654
-5.573244196669336  15.918567976087328  2.712370456583824
48.859737874096105  -3.367044074662168  1.475922723872332
-26.379850850290392  40.064520400390265  0.7535611317910891
20.71363189290489  -34.6546484102068  1.3500217813284547
-30.488779747755828  -33.89252930527225  1.845682534449605
1.415408693551018  28.01037764444658  2.530054906279738
-13.894520857586418  9.675969068177654  2.0123123469424664
34.34592674942809  -2.211931454007332  1.5003167232739176
20.34579718579322  28.698444818006823  1.9182249233165045
21.288369077008458  48.20307737518198  2.1002872536438737
-37.30965061697817  24.315755785687195  1.8566106691660076
-6.083096933517595  11.791661695589289  2.7743617080948977
18.49579313524489  -10.815193235858533  3.211734966661113
46.06187404949754  12.173524773027339  2.1366576665176273
-30.5675334629174  41.735809145464685  1.29952787796784
-20.39504755314745  -34.876619760610836  2.7618832850985844
-40.080089552294666  -46.4738457914534  3.3886193262994646
49.120796401358625  -40.61366445740169  1.0965548527341598
-10.309739452999528  -36.56105509774837  1.274824742647277
0.9271851073140824  -13.298347597720323  3.9808460585871877
41.51682290515491  -31.26108676618866  2.012013110180158
6.852526177068031  26.67614554944192  1.9033782720419739
25.652251525517954  14.527878843858517  1.9231363960771433
-45.61553410257353  1.609019034005743  0.9053558059690479
-11.682162279102466  -33.01342222220929  1.665825598689602
-30.973579006968354  45.90287513308765  2.012785165363969
17.961260680494668  -43.96029429726979  3.1803328082943043
13.55553384492303  -47.9529829766753  1.3801614711089845
36.606137869031905  -36.3828368622223  1.6999973516836515
17.277372083741692  -20.58725317178994  3.9846455587889333
43.06034358374857  3.0022016383912717  2.760709636557351
41.5068694284532  -14.898284707918158  1.9283581460600092
-44.23976696533437  30.683106328729238  0.28866095333991626
-34.41310440579098  27.06648727131927  1.4374544393838922
-26.317325443514804  35.5088539749178  0.35338804777389576
-34.76245160328698  27.08877765464694  2.243483249526908
29.64902692275629  24.666965638838146  1.9531003421502564
0.18261058416055298  -23.747024954458162  2.2362130391360613
-3.1392183986052924  -10.697962429021779  3.625857300374699
20.517815743375916  38.29040460154887  2.984446907324823
43.852510361174495  46.73785281812395  0.527252732499061
18.281525504501456  12.285281715808038  1.4563617080617126
-43.546174047444566  41.6705759774468  3.2729936233949966
21.847956500013076  36.430582353435966  2.434905217324208
1.4434686595391877  -46.76597897117255  2.0165639026002617
25.413040846225844  -24.277491760042064  1.802737352005292
19.700510642293327  35.73419711781318  2.185641913285249
-6.931773105509798  -1.5674947462152977  2.7079519231418896
-23.123246227162074  -6.156961657763327  3.901697705487001
-27.26697921937065  -1.0566389176622615  -0.02566570691484138
-49.53441739062423  25.095318622139445  2.1201287043458787
41.260041301667485  48.37654972989097  2.0736016590508752
29.32195225958263  -36.11231227106043  1.962682757218201
-31.983899954114808  4.751066835935575  2.1687274627039477
-37.95003510144919  9.93585194432136  1.7405219884056158
-20.221016653945878  -21.70407838560297  1.8798235050062984
-40.19354016409164  -0.12454112608230594  1.8765837722605454
-21.413357943668963  14.628516433899058  2.2817211538915547
-39.458177661680196  37.14767113983453  0.1401970556184131
-35.67846049347608  21.013795296139286  3.022926540459844
15.446288434252164  35.665700820932486  0.7895704904620828
-33.727419115517534  -23.930973182455194  2.498654503183245
-32.577057346387214  -37.07178597857867  1.3109376281185026
32.940118294528844  7.13940546041365  2.2154915741113586
-34.706016109654136  -21.756673412669166  1.9867169052479965
15.764986545437043  8.899843414901893  0.5050303289118088
26.82993201611712  -47.47338072249174  0.9184859697267234
-43.860354715667874  -42.65713574509585  3.574422157656355
-25.40818903917208  -43.64553404814832  1.7270733632022581
-39.85943154002548  -43.49763100080316  1.9982218361808428
17.760677595004783  -18.68127396604466  2.4706801350854795
-37.728857411201346  -35.40487305469374  3.064153909827806
-40.576386678690334  43.176849694328816  1.799410533806384
-17.841492194616933  30.45141607400265  1.0640234166531202
14.028883248557683  16.33006808924875  0.9362084783279851
14.06803846877523  -43.1999592912015  1.2560394126051024
23.268459722027192  13.599760014532498  1.492789764329379
-34.41133986989372  11.675075151077596  2.500012108040705
-33.351126921419144  -18.46556914033424  0.11559825649844835
20.494949206011214  -6.645608957507498  3.4519864000193135
-17.95799802239842  0.5412343494976879  0.6437414077298727
13.13818803241396  8.87134553607673  0.19811980629307313
-0.822655586247828  41.908784574390715  1.6186167668468754
