-5.0  -5.0  -5.0  337.55678534226314
9.47025691740616  44.414203310709084  -46.07673364597397  4124.473219253599
-15.332377318629032  0.21420047832905742  32.15578529446384  310.8229489433471
-28.82360401559253  -26.75393002008289  44.45908113765902  5483.457235654467
33.922104037828866  -24.59232927566116  44.79086761321195  5724.2596972323445
37.47718094764335  13.573536659757535  -17.87429981887903  2827.241522455865
11.080318784067373  9.45141730051886  -20.500195332841948  1377.3270533098314
-44.635440608140485  -45.47311292832741  -33.51593052961178  7721.315769490772
-37.765415070380506  -36.69232082696726  -20.089700704958886  4941.826051577417
4.416125433179202  -34.01359724043881  9.737817353931977  1138.0706048433801
-40.80736667781436  25.47973879402346  30.857834517489934  5304.862359176407
-46.55276934305732  1.8273414560810608  0.32846839351902135  163.21760800462752
-34.28458558595256  41.65750283645021  32.64356115545047  6393.278107959881
-11.632360503675148  22.689908464322343  -27.135091726787692  2509.9675739922245
-49.28230264919202  14.749943337891146  -39.24678305666093  5002.664181667473
2.790536266423155  26.957929231842286  -41.18667103440839  1653.2393762360418
40.152226408583616  -41.49114713455446  38.18221419475812  7466.631205901541
17.991758099477302  27.23350779949133  -28.403835320646483  3496.1749015778
-41.946759960527906  -4.009997095465084  -27.70677064846787  2026.054613071384
42.19393439196672  -0.1636251844366554  10.130392235846697  254.22748152491454
37.093578163116355  -23.7503299768451  2.0069504319106866  1250.5663085776996
-19.775339096028482  25.74571917675361  26.00870564727248  3410.4478380888095
-13.250478320824271  30.26006063549067  -6.168841641861766  1477.8755781291848
2.0570881787126236  -0.8664510504081513  -48.486580142311965  281.83098890089514
18.059876460993145  -47.384955512216095  -37.55769218376812  5309.470508350218
37.08898824296142  9.68452678947776  -14.731096807863352  2158.3686165294744
-37.91231343973613  29.802273697404537  -10.141223992229925  3172.9498513565463
23.11318892372785  -48.17123592537943  14.585266840539363  3776.0150631152824
-45.31507094554468  -15.783292121372112  21.392145139397766  3665.4211519958303
-49.34357061791853  22.091371796570026  37.99318454892194  6026.1051677572505
34.81315061263128  9.54481465930163  -26.147740447917396  2763.854540354793
8.494480769736585  -48.046024629639724  -24.00130445078367  2934.2318269561456
38.17423775610399  9.407136436297826  -9.29167527342592  1715.4005708479247
2.487647727709341  2.167001677663566  6.8868225642249925  187.0868293783328
-1.5568745660247463  -38.49509366208868  25.61486915545376  1165.7471689990502
13.118700714803955  -44.56649795873706  -5.444229382494303  1675.5755400297837
47.243343977775886  -49.08134976694639  -4.624571593864191  3069.7229842339048
42.3644330278625  23.77721637511535  35.159549646999125  5573.145399133959
20.128203937045765  -12.464859062420846  24.475822940507104  2324.6738687095685
6.179286334394179  30.89614465709619  42.5065198750844  2671.340482771485
-0.1838738051010258  4.996686862457084  -39.32590566814959  184.65789946878058
-11.81657751345137  9.854170349050767  47.40413206667904  2204.3544997747294
-0.5312220285133507  30.410365661589857  30.1447890449222  659.5748163084527
-2.19984016163558  17.71484904686457  6.88090307078903  491.20833569505237
-21.26214315300805  -5.791438211560829  19.89418480513644  1470.8044816655897
33.97684808020012  -6.856124965411575  -7.004642980114239  1201.6439436565197
9.810028528457648  -26.54366013961244  39.71171980496078  3014.5852706707947
-35.45910051897926  -31.662147392012773  44.37025547717804  6608.358012494885
33.241948805190475  36.6965797267735  15.658509667738718  4094.702370482731
-40.55968527491097  13.458317461806224  -45.01128387441195  4643.102494910634
28.433031164188282  -28.37641353284086  -13.217870853375635  3061.319285428049
8.50079600655107  -24.02737715712051  1.03904488828504  437.7555885987777
-45.540542995178  45.66073876446589  -24.23600534211896  6646.791160524688
41.908108646437285  25.469884584088227  -1.0477651658606812  996.0067339817919
-34.664958993722664  -7.195632779186728  -13.694474809806795  1735.5490377823257
-27.913530500849284  10.397481105663292  -23.19312900135416  2433.5525112576584
16.991744650004055  -1.6154480611227318  39.57775146337533  981.7538557157612
25.05236764922717  -34.60653744695267  12.599203355860656  3098.1392865214752
40.25574970962361  -4.120969359088339  31.28180268259667  2137.5654195212837
49.599010042757705  -35.26422464056  31.52514102750967  6952.218249168559
5.046316742244667  19.59778288832584  -21.29249678555866  1364.13876028622
-7.101212288541547  -2.195959791824087  -9.585135983577592  368.4791515490617
-37.543062058625075  -1.856242684983861  42.19303800709204  1610.722610998069
-41.342641093492304  11.696129327214033  6.725564652137683  1693.603223267393
25.788588820930997  -33.31662711032833  20.040938947491902  3888.062372614502
-13.913588042610076  20.15264765625237  36.99140003590367  3019.167381681194
-18.89522867996931  -19.52316145356149  44.54721579777286  3798.476558398678
32.658723825040575  -25.09640788768882  31.135007240470948  4731.760047843251
0.7596170251352841  -6.930454360681826  2.709372767407492  118.57546309789161
-48.18802451849856  -20.6311990367439  39.5162592628466  5869.352274789173
-44.3140509605516  -35.55315453099112  12.167712334845499  4102.079248199037
-10.603184306777298  -11.79672681340691  -8.601048935156431  977.0145749177752
7.250999154671972  -34.29863751294773  -42.80002369101869  3058.4249861624585
6.858947307244845  2.651817700219511  48.68029876550102  886.9841776990991
11.971896721937842  41.513577746075086  14.327558671641322  2502.7545588149155
-35.52996487173144  27.77762600036162  32.60346491736979  5312.520820364272
28.469799680341666  25.77496441407174  46.01639372482102  5441.992874079143
5.003576738251459  8.689037484793388  -14.656252135911545  753.4896494383704
29.47517415935554  -47.95747758518096  14.120089954431553  4185.528901763743
-42.61292392233381  -10.159945599577291  40.92448354813418  3943.909718770038
-18.773873275256936  -29.731154795852188  -18.37547766092203  3002.33315789436
12.340046042705128  6.724493125391062  -22.194073922368275  1276.1823772537934
40.72629925633924  1.91146737815725  30.643243714641947  1451.4783499701527
-13.363282148381007  -4.277618794126403  33.66614526898679  1304.396208897866
-7.0381764817605665  -28.42983402222779  4.34470399734051  878.955707475688
8.836819686629283  13.586765638657782  -22.448192192951634  1542.400893912016
34.39886512989395  34.45418213210501  -30.508050604590352  5631.087311323251
46.343354909342914  32.12071451967337  -40.254714612009124  7247.169704061002
8.136522352827358  35.61053520594071  25.47998622384285  2548.2528194800784
17.95544640309792  33.53615153311494  0.25803505934117177  375.55537282187623
45.245816461398945  -35.98813530291782  2.316645771531367  1823.4751339111654
-27.810533359251878  -13.728629416175842  -0.2224972705855699  279.4804048339457
48.509528957236434  -6.208977290682238  35.83228094369627  3079.587441182485
-29.61313030933479  -31.999425782472983  -29.48955712702894  4951.220050849615
8.727972968539621  -6.270739348418314  -13.702397420459416  816.8535230192851
1.1211437693179005  21.716824593337513  -22.02027972048093  691.7304157832989
-36.83836319385087  46.99896361824442  -28.99354783185656  6633.715080190294
-30.078561593994223  18.11947264174642  47.41463048474511  4761.528479692407
42.78036762883461  -46.04559157766061  4.284501848851957  2724.1117932744364
8.382057306394469  -0.5365494020721451  -3.889046154174408  130.56824924098115
24.95519030955517  40.627930922544095  -33.069064960702256  5422.707028145131
12.703902936881539  -21.356893260436465  -2.7868107801698514  820.1745402220313
7.926400437756903  -47.20305237293358  -29.461669344290275  3112.241445725607
-29.05859671320803  16.295488510593824  40.90745023534097  4123.42621281836
7.295090304281371  14.511278270071209  -14.09151434822799  1149.2453902179093
1.6477716271417864  16.76547790337616  1.2661317200581723  181.79736629148798
38.40492376703542  48.79952914443615  39.35428705588894  8039.525246051902
-18.030511863210435  20.0082861827156  2.731983694903528  935.4297587488785
49.430505628134526  -0.35728609234523256  -25.433313395944428  633.7275879969626
30.55852305907972  -30.760709469444507  -36.15220533452374  5459.343774693761
-42.492936025959395  6.977741283663441  -4.401711909147754  1075.4042378549398
-49.933467230771775  6.999424121066744  -47.25962110923099  3808.1859513909976
17.528131126990974  -39.713537687918084  40.627156821247404  4980.885607924208
29.564084203788386  44.21019621753564  2.0040686719434317  1520.6458409512488
39.78662517997852  27.855683218370196  34.13111510592261  5759.448201591263
7.531730566304423  37.84694315818159  -36.46812851027218  3022.5229749608634
-0.9294829990951214  45.85741351978941  39.67075878513274  1223.1192644934506
36.854043777618585  -2.4972321420305477  43.656849462239435  1881.692086755658
-36.84611819513861  -33.789839665166795  -28.43655781576373  5572.178996351633
9.338418523720438  -1.7340096691782603  -42.0271230554816  778.4644391467675
-29.480196036702864  -32.59739834037511  -34.3703051926531  5382.26250494329
15.641655313360397  42.84343333221624  43.389452759435834  5050.432524279129
40.31433222921958  -25.068634530564903  -1.341743203286172  1096.0298175699693
-5.732872784593301  1.3663475070189002  19.923345441032346  376.3659674559211
-35.71945352306737  16.10850492121889  16.56812520916111  2894.7459754370766
23.357873283628873  7.623656761215164  -44.55412447146049  2641.405816554589
-18.387923981417032  11.054972556708725  -25.66718381014278  2143.3367015154163
-33.420451244991526  -19.71707732948736  45.30650673897239  5117.442426754268
-49.589747527906184  36.79435832546465  44.20363222009466  8406.833086636458
-47.55647165451867  -28.66619365153817  0.847888753269127  1012.4603548245449
47.34841159552736  17.072120348749813  -13.282223330042719  3071.61017801287
-5.23820072543506  42.776504299234055  31.037464840166617  2473.469663010619
39.93854428025069  34.350029453741904  -44.072570163229315  7279.737830486305
-42.19878561866351  41.60347654618765  -26.587489693912314  6397.082337916664
-19.75410708249851  -25.91507234696298  -19.69470832060745  2976.767939604078
-26.03060866289153  -9.21292668376094  6.008365239497576  1129.6145752704763
32.75718714046606  -40.693927802530084  -6.878143138658404  2839.015391494209
-18.73852026867833  21.223318256831174  -4.843604745018437  1305.0068296166398
44.84858289473831  35.76992483570514  43.615780130320836  7830.657253502787
15.602795862178542  -37.39154523663823  -2.2047807805431585  1067.667434675948
-40.838784859783324  32.243642858467766  29.7086083407742  5856.945145401328
18.741577594612007  -18.46794937906186  37.09675728883701  3358.3931112330483
39.75899585109208  9.536697562889195  -31.83459077394527  3256.4570718811656
-36.60427304522877  42.5520840882756  42.69277016608214  7634.073122735168
-33.33557748035821  -5.129798985982164  -23.42942681227673  1879.0466782762942
18.65275308095003  -27.237915055082606  40.19647455348277  4233.69451284635
-42.137615670942814  4.0763921795380185  -47.24747267981268  2671.4212863665907
-18.604512652638434  2.1117099831171995  36.23917608567682  1122.9036181647502
-6.557654845700589  -4.373625193522024  -47.64408733226747  1100.2255109134826
-42.76066289683218  -14.480121602761859  -13.836885531858407  2744.5918809442423
-21.042555839185322  1.741015961391118  13.20838624600335  657.5048690748398
39.592367989879115  5.038409316978049  -18.11135600876449  1784.6981536434719
-39.278719114396026  -0.7980641175591996  13.856239213268962  623.2975930524823
37.41415124949255  10.174123627360053  14.50610482682158  2204.74856532787
-23.05871167986312  20.69564411411791  -10.50219388891277  2100.784011664424
-22.664503367051264  -32.03094815253947  -30.752946116147896  4426.268848848367
26.800884308372087  17.498906097443218  -8.25676828886619  1847.416926533719
38.10794226476296  24.777979667983274  -29.923365920656003  4978.602467756373
-14.927541840875625  -5.00451873403327  -24.189636855489212  1264.207348893455
28.763770438621332  -6.845081016939092  -12.495145615155268  1473.9192645397557
38.07938293257317  11.071561312460732  29.162980568770596  3286.517545636686
-41.18221452709871  -40.45479180875109  -1.3470332081923497  1408.0399625257683
-22.284379249340823  40.22855532203571  16.332582335865826  3585.8292264004763
-25.986603326849277  35.521691465263004  -7.238384489797712  2424.5801593698357
-29.319324006921466  -11.47073447465307  10.553081923502173  1768.9437377542488
-23.5702374215406  8.97329259780199  39.81824906821087  2721.1884983040845
-16.494542215990286  5.369519410312601  -37.18044498815614  1704.1635746840482
42.1992586490851  9.501044107806456  23.127161436572152  2855.008323947005
25.63051887447667  -18.374392598191708  12.367620993550387  2264.174319459144
-37.280180163475485  -33.56062259117577  26.39910796075826  5382.266021799116
-18.03460147471024  7.396541888831543  -31.78340139598897  1932.7519179934
10.485910000278793  40.64836290680087  -3.6411851593880993  1172.089672846565
49.56269623393221  41.23006905246609  -0.29062519285454336  727.6669763809896
40.111622058946566  14.18270171924379  25.77089849907627  3588.174190880491
-15.382728148745828  0.303505387349684  -1.1953019370220364  76.74157455222954
-46.2972965088869  21.069467425497585  30.238886746324795  5086.7017456253425
-31.64225018156132  4.780688453541177  -12.576647496372061  1296.9694181857622
10.48428649375644  45.737353106924076  27.1771114385611  3383.3830706104113
-42.96212478001423  -16.671249455939574  37.4389571105753  4850.273555004466
-1.076857549657928  -8.26117873259985  1.7147296137795254  122.39069570254982
33.393032949659194  -21.798729192466038  -19.155947798636824  3499.536971668293
32.19594388220297  -26.467629198554388  6.627500555629817  2229.641511472883
20.32413185783216  36.04641616059272  19.22872337879354  3517.4114707636536
-19.611966683222754  -26.619787663786383  31.769646434394904  3816.044702792737
-47.74746401345649  10.001679930339009  -18.728589042045208  2804.0859441570556
-24.42839058458477  9.537525401861124  29.523692956251164  2459.954200333932
27.462670720425812  31.099169046475495  31.08009662302823  4825.779733938998
-37.39109084650704  -49.62181648548589  -22.944326664830843  6109.540042244853
15.24062890085583  -0.678401404695661  42.84919869452024  629.4253930360172
-33.38487139347291  -14.159554751431823  -33.4234251176953  3724.6780426184578
-27.919250393423688  -19.484878557966738  1.8832671347895458  953.5834039667083
39.84338464496071  -33.09489052172805  -12.027960777743695  3731.7854713392326
-6.928817648379903  2.4251329213760497  42.107683243096524  793.6256074680233
44.56925620089223  3.923414853971657  -46.52966115071127  2674.813252814173
-2.1678867534903503  6.610279504773075  0.2773806050461902  65.83958709714858
17.49547966489474  8.912501516968941  39.330447136514394  2323.139086482969
26.585298862572188  44.5715256737971  18.427206696569616  4377.470498756779
18.90674861523962  -39.0472369078381  8.672477635948999  2373.536191052798
-18.661794939683666  32.092500991738625  23.234487244239155  3495.917389574126
39.800870688244025  20.174993562176073  21.793942163020734  3919.6255816818284
