0.0  -0.0
0.05  -5.9204729053752455E-6
0.1  -8.899037239810373E-5
0.15000000000000002  -4.1974900743960803E-4
0.2  -0.0012259824076388782
0.25  -0.002744011962215962
0.3  -0.005175875642723868
0.35  -0.008657128698830847
0.39999999999999997  -0.013238205242864452
0.44999999999999996  -0.01888024838080344
0.49999999999999994  -0.025464308187728154
0.5499999999999999  -0.03281107258572482
0.6  -0.040707033799799765
0.65  -0.048932331105343195
0.7000000000000001  -0.057285499199392
0.7500000000000001  -0.06560096236716341
0.8000000000000002  -0.07375624902335778
0.8500000000000002  -0.08166740530354057
0.9000000000000002  -0.08927277089544086
0.9500000000000003  -0.09650694284366343
1.0000000000000002  -0.1032682004134934
1.0500000000000003  -0.10938373229516303
1.1000000000000003  -0.11457757779235439
1.1500000000000004  -0.11844620342562048
1.2000000000000004  -0.12044608331685716
1.2500000000000004  -0.1198965923123214
1.3000000000000005  -0.11600006293552358
1.3500000000000005  -0.10787914807944375
1.4000000000000006  -0.09462984178697592
1.4500000000000006  -0.07538681808122584
1.5000000000000007  -0.04939631954580072
1.5500000000000007  -0.0160908039249982
1.6000000000000008  0.02484095983167375
1.6500000000000008  0.07339461083608133
1.7000000000000008  0.1292073888040532
1.7500000000000009  0.19153633684411922
1.800000000000001  0.25926051083134044
1.850000000000001  0.3309083626081109
1.900000000000001  0.4047095022872164
1.950000000000001  0.478668116131516
2.000000000000001  0.5506535828022021
2.0500000000000007  0.6185024362862607
2.1000000000000005  0.6801248828441783
2.1500000000000004  0.7336086673306397
2.2  0.7773132322947962
2.25  0.8099478062986445
2.3  0.8306282368632416
2.3499999999999996  0.8389089510601118
2.3999999999999995  0.8347882561276918
2.4499999999999993  0.8186871380016217
2.499999999999999  0.7914036250343601
2.549999999999999  0.7540465107814255
2.5999999999999988  0.7079536439672879
2.6499999999999986  0.6546009929076207
2.6999999999999984  0.595509207315956
2.7499999999999982  0.5321544028706422
2.799999999999998  0.46588939354196307
2.849999999999998  0.3978806420930483
2.8999999999999977  0.3290648724751861
2.9499999999999975  0.26012769744697073
2.9999999999999973  0.19150488638555646
3.049999999999997  0.12340516494149141
3.099999999999997  0.05585182994078936
3.149999999999997  -0.011260902932030822
3.1999999999999966  -0.07810192849126152
3.2499999999999964  -0.14483338873525461
3.2999999999999963  -0.2115428244091354
3.349999999999996  -0.27818298055408425
3.399999999999996  -0.3445242215109275
3.4499999999999957  -0.410123472264114
3.4999999999999956  -0.47431229417604764
3.5499999999999954  -0.5362052262266362
3.599999999999995  -0.594727989459502
3.649999999999995  -0.6486636751053041
3.699999999999995  -0.6967137212921175
3.7499999999999947  -0.7375694202701173
3.7999999999999945  -0.7699889579054942
3.8499999999999943  -0.7928746150065967
3.899999999999994  -0.8053447735127166
3.949999999999994  -0.8067957595201796
3.999999999999994  -0.7969492831333976
4.049999999999994  -0.775882243022093
4.099999999999993  -0.7440368743104632
4.149999999999993  -0.7022105431691301
4.199999999999993  -0.6515258361862036
4.249999999999993  -0.5933828647782677
4.299999999999993  -0.5293968200259864
4.3499999999999925  -0.4613247003684235
4.399999999999992  -0.3909857405014512
4.449999999999992  -0.3201803624891333
4.499999999999992  -0.25061243978882736
4.549999999999992  -0.18381932409952417
4.599999999999992  -0.12111346667090676
4.6499999999999915  -0.06353862043289076
4.699999999999991  -0.01184260085514817
4.749999999999991  0.03353251584372558
4.799999999999991  0.07244299304872055
4.849999999999991  0.10502012471647365
4.899999999999991  0.1316332399817558
4.94999999999999  0.15284199447931643
4.99999999999999  0.16934144916671112
5.04999999999999  0.18190371783268594
5.09999999999999  0.19131999001426495
5.14999999999999  0.19834651631925507
5.1999999999999895  0.2036577034926251
5.249999999999989  0.20780884564673704
5.299999999999989  0.21121026472532123
5.349999999999989  0.21411380276362948
5.399999999999989  0.2166117585963166
5.449999999999989  0.21864754864243757
5.4999999999999885  0.22003664644017235
5.549999999999988  0.220495761638348
5.599999999999988  0.2196777884197964
5.649999999999988  0.21720980578878807
5.699999999999988  0.21273135476264482
5.749999999999988  0.2059303444221542
5.799999999999987  0.19657423237467447
5.849999999999987  0.18453455782230496
5.899999999999987  0.16980344176332227
5.949999999999987  0.15250126856571283
5.999999999999987  0.13287538383766734
6.0499999999999865  0.11129024359478927
6.099999999999986  0.08820999109867261
6.149999999999986  0.06417488813893725
6.199999999999986  0.03977336229375321
6.249999999999986  0.015611635008176266
6.299999999999986  -0.007717039248306889
6.349999999999985  -0.029661562046096143
6.399999999999985  -0.04973884059704694
6.449999999999985  -0.06755482772180814
6.499999999999985  -0.08281965928456214
6.549999999999985  -0.09535622462919435
6.5999999999999845  -0.10510195475114313
6.649999999999984  -0.11210405279952045
6.699999999999984  -0.11650879414231409
6.749999999999984  -0.1185458646762449
6.799999999999984  -0.11850896761047745
6.849999999999984  -0.1167340980679445
6.8999999999999835  -0.1135769556480859
6.949999999999983  -0.10939093836152106
6.999999999999983  -0.10450704410342725
7.049999999999983  -0.09921681054057523
7.099999999999983  -0.09375916773970472
7.149999999999983  -0.08831177985834875
7.199999999999982  -0.08298713410752276
7.249999999999982  -0.07783331842748817
7.299999999999982  -0.07283913405036359
7.349999999999982  -0.06794293299994783
7.399999999999982  -0.06304436773899623
7.4499999999999815  -0.058018100545787175
7.499999999999981  -0.05272844910807798
7.549999999999981  -0.04704394290562398
7.599999999999981  -0.04085082840363013
7.649999999999981  -0.034064682141663506
7.699999999999981  -0.026639458496266807
7.7499999999999805  -0.018573499909056646
7.79999999999998  -0.009912257048096828
7.84999999999998  -7.476897199090649E-4
7.89999999999998  0.008785467972987878
7.94999999999998  0.018516205555653423
7.99999999999998  0.02824596941540579
8.04999999999998  0.037758990362600095
8.09999999999998  0.046833497887564676
8.14999999999998  0.05525309487566991
8.199999999999982  0.06281759431814178
8.249999999999982  0.06935268923668898
8.299999999999983  0.07471793177646897
8.349999999999984  0.07881262857403604
8.399999999999984  0.08157940729935129
8.449999999999985  0.08300536348115027
8.499999999999986  0.08312084735655685
8.549999999999986  0.08199608838545537
8.599999999999987  0.07973597245220848
8.649999999999988  0.07647337762906195
8.699999999999989  0.07236153472414315
8.74999999999999  0.06756590687044389
8.79999999999999  0.06225607845620932
8.84999999999999  0.05659811005778767
8.899999999999991  0.05074775672740053
8.949999999999992  0.04484486737005657
8.999999999999993  0.039009189296631705
9.049999999999994  0.03333770111076056
9.099999999999994  0.027903495633696457
9.149999999999995  0.022756138937191486
9.199999999999996  0.0179233472968788
9.249999999999996  0.013413755470710356
9.299999999999997  0.009220500328139918
9.349999999999998  0.005325315277579159
9.399999999999999  0.0017028235083723087
9.45  -0.0016752692266437208
9.5  -0.00483635091477891
9.55  -0.00780367189809564
9.600000000000001  -0.010593872761555977
9.650000000000002  -0.013215375648314646
9.700000000000003  -0.015667678231809926
9.750000000000004  -0.017941526798026023
9.800000000000004  -0.020019888098685133
9.850000000000005  -0.021879592023300597
9.900000000000006  -0.023493481102840216
9.950000000000006  -0.024832879902508608
