0.19283096251616694  11.118042235482985
-0.6386302787170951  -39.68975849675978
-0.8934560654927396  -63.31079979595935
-0.3573646891239488  -20.938440496391877
-0.4777243264324217  -28.53687936876547
0.3004559571555101  17.484991017367975
-0.3274964979884958  -19.116893360438308
-0.6233883204463059  -38.56399198710477
-0.17918909724470922  -10.32253058529572
0.0073550035925296076  0.421414463692014
-0.10840520236413165  -6.223390629566925
0.38600061599739643  22.705873782969785
0.28152458954839965  16.35121806622247
-0.08735489376204042  -5.011454199158513
0.40976687743190376  24.1901912490145
-0.035060328415616016  -2.009220621259735
0.9409917930606762  70.21878771364925
0.4881299959359756  29.217745568419893
-0.6528771615802869  -40.75888042122788
0.4205301365670647  24.868061748272396
0.09799876248330464  5.623941933048946
0.6885627938356467  43.516448949257175
0.7547374089641177  49.00243043424806
0.19614605490361248  11.311680704998567
0.2939874143550887  17.096828241998594
-0.1395989786002304  -8.024641539349519
0.9445967560148647  70.83843305215292
-0.3415052475612047  -19.96860844300053
0.9727153619168474  76.58504655300725
-0.6178500550833601  -38.159303524225535
0.05227012719152768  2.9962231035915594
0.9672166782329691  75.28847234487387
-0.14425922780101275  -8.294385072691009
0.23184205297297766  13.405545398585831
0.09821897691617865  5.636620455818438
0.3173297378558778  18.501515376765113
-0.7949485904806142  -52.650400157780595
-0.33350398322760855  -19.481591591077176
0.3483888525852702  20.388801765139778
0.3490763981457773  20.43083390838386
0.8375726120893843  56.88467418796058
0.25643614639619317  14.858700245153145
-0.7360561987671826  -47.39653902163197
0.3920324207942206  23.081021805721228
0.7135843581478676  45.527301988076076
0.6276919602018173  38.88004408060593
-0.698444268037107  -44.30232028878328
0.1671238123876535  9.620633332883271
0.9826601386440056  79.31461940403203
0.981254051722587  78.88851460687933
-0.02762609418187434  -1.5830600101309218
0.8804746531159693  61.69967364656691
-0.36485482687280846  -21.39864877676769
-0.5390792341718094  -32.620980301496495
0.2932400564391572  17.05203341605735
0.19791319282401598  11.414954689655708
0.7367258883922572  47.45325330314135
0.31953347111741937  18.634713549014368
0.7588015726919182  49.35866079053796
-0.6530230021939376  -40.7699129552475
0.5251827858138434  31.68054911908507
0.18323219401102198  10.558082877728546
-0.48390199614921736  -28.940559204316195
-0.44494650974671013  -26.419916526181314
0.7914502690852344  52.32124867680702
0.03274749484047468  1.8766287615759047
-0.4813440759037434  -28.77322257724882
0.6417185677493641  39.92008846112995
0.052417347014628635  3.004669757413724
0.14533860553045463  8.356887571771448
0.38127069303347694  22.41241453936268
0.5207278316148324  31.381085674844428
-0.5477766907932725  -33.214617971156464
0.5368073683229877  32.46656589741009
-0.04360141622005331  -2.498969348674886
0.1499741997224343  8.62543139834091
-0.22874162067692538  -13.222997019254905
-0.32977594776284813  -19.255177001581906
0.9555998086954645  72.86239257858333
-0.34211106064663876  -20.005543589885406
-0.2177609393874752  -12.577556146067213
-0.3311292092423045  -19.337328224423302
0.05315133514380488  3.0467828888270514
-0.797830663984475  -52.923442508999486
0.8685344484949027  60.28877703730618
-0.4110592893491065  -24.271395088114794
0.8123404263301258  54.32523174968835
-0.5959724452418755  -36.581986603203454
-0.8417651793279155  -57.32699029661846
0.8200957290747477  55.094377747816736
-0.07217225893124002  -4.13876417489853
0.18480318383264172  10.649657806035217
0.8044666679204083  53.55877990719112
0.28069947824801256  16.301956181671482
-0.06979333185548442  -4.002116973792057
-0.6822390457182538  -43.018858712495096
-0.45927703068835346  -27.34046544874731
-0.5464440918382475  -33.123403157384004
0.596322211545191  36.60694706642021
0.6023496697239189  37.03836634430651
